-6.66e-011	0
-6.655e-011	0
-6.65e-011	0
-6.645e-011	0
-6.64e-011	0
-6.635e-011	0
-6.63e-011	0
-6.625e-011	0
-6.62e-011	0
-6.615e-011	0
-6.61e-011	0
-6.605e-011	0
-6.6e-011	0
-6.595e-011	0
-6.59e-011	0
-6.585e-011	0
-6.58e-011	0
-6.575e-011	0
-6.57e-011	0
-6.565e-011	0
-6.56e-011	0
-6.555e-011	0
-6.55e-011	0
-6.545e-011	0
-6.54e-011	0
-6.535e-011	0
-6.53e-011	0
-6.525e-011	0
-6.52e-011	0
-6.515e-011	0
-6.51e-011	0
-6.505e-011	0
-6.5e-011	0
-6.495e-011	0
-6.49e-011	0
-6.485e-011	0
-6.48e-011	0
-6.475e-011	0
-6.47e-011	0
-6.465e-011	0
-6.46e-011	0
-6.455e-011	0
-6.45e-011	0
-6.445e-011	0
-6.44e-011	0
-6.435e-011	0
-6.43e-011	0
-6.425e-011	0
-6.42e-011	0
-6.415e-011	0
-6.41e-011	0
-6.405e-011	0
-6.4e-011	0
-6.395e-011	0
-6.39e-011	0
-6.385e-011	0
-6.38e-011	0
-6.375e-011	0
-6.37e-011	0
-6.365e-011	0
-6.36e-011	0
-6.355e-011	0
-6.35e-011	0
-6.345e-011	0
-6.34e-011	0
-6.335e-011	0
-6.33e-011	0
-6.325e-011	0
-6.32e-011	0
-6.315e-011	0
-6.31e-011	0
-6.305e-011	0
-6.3e-011	0
-6.295e-011	0
-6.29e-011	0
-6.285e-011	0
-6.28e-011	0
-6.275e-011	0
-6.27e-011	0
-6.265e-011	0
-6.26e-011	0
-6.255e-011	0
-6.25e-011	0
-6.245e-011	0
-6.24e-011	0
-6.235e-011	0
-6.23e-011	0
-6.225e-011	0
-6.22e-011	0
-6.215e-011	0
-6.21e-011	0
-6.205e-011	0
-6.2e-011	0
-6.195e-011	0
-6.19e-011	0
-6.185e-011	0
-6.18e-011	0
-6.175e-011	0
-6.17e-011	0
-6.165e-011	0
-6.16e-011	0
-6.155e-011	0
-6.15e-011	0
-6.145e-011	0
-6.14e-011	0
-6.135e-011	0
-6.13e-011	0
-6.125e-011	0
-6.12e-011	0
-6.115e-011	0
-6.11e-011	0
-6.105e-011	0
-6.1e-011	0
-6.095e-011	0
-6.09e-011	0
-6.085e-011	0
-6.08e-011	0
-6.075e-011	0
-6.07e-011	0
-6.065e-011	0
-6.06e-011	0
-6.055e-011	0
-6.05e-011	0
-6.045e-011	0
-6.04e-011	0
-6.035e-011	0
-6.03e-011	0
-6.025e-011	0
-6.02e-011	0
-6.015e-011	0
-6.01e-011	0
-6.005e-011	0
-6e-011	0
-5.995e-011	0
-5.99e-011	0
-5.985e-011	0
-5.98e-011	0
-5.975e-011	0
-5.97e-011	0
-5.965e-011	0
-5.96e-011	0
-5.955e-011	0
-5.95e-011	0
-5.945e-011	0
-5.94e-011	0
-5.935e-011	0
-5.93e-011	0
-5.925e-011	0
-5.92e-011	0
-5.915e-011	0
-5.91e-011	0
-5.905e-011	0
-5.9e-011	0
-5.895e-011	0
-5.89e-011	0
-5.885e-011	0
-5.88e-011	0
-5.875e-011	0
-5.87e-011	0
-5.865e-011	0
-5.86e-011	0
-5.855e-011	0
-5.85e-011	0
-5.845e-011	0
-5.84e-011	0
-5.835e-011	0
-5.83e-011	0
-5.825e-011	0
-5.82e-011	0
-5.815e-011	0
-5.81e-011	0
-5.805e-011	0
-5.8e-011	0
-5.795e-011	0
-5.79e-011	0
-5.785e-011	0
-5.78e-011	0
-5.775e-011	0
-5.77e-011	0
-5.765e-011	0
-5.76e-011	0
-5.755e-011	0
-5.75e-011	0
-5.745e-011	0
-5.74e-011	0
-5.735e-011	0
-5.73e-011	0
-5.725e-011	0
-5.72e-011	0
-5.715e-011	0
-5.71e-011	0
-5.705e-011	0
-5.7e-011	0
-5.695e-011	0
-5.69e-011	0
-5.685e-011	0
-5.68e-011	0
-5.675e-011	0
-5.67e-011	0
-5.665e-011	0
-5.66e-011	0
-5.655e-011	0
-5.65e-011	0
-5.645e-011	0
-5.64e-011	0
-5.635e-011	0
-5.63e-011	0
-5.625e-011	0
-5.62e-011	0
-5.615e-011	0
-5.61e-011	0
-5.605e-011	0
-5.6e-011	0
-5.595e-011	0
-5.59e-011	0
-5.585e-011	0
-5.58e-011	0
-5.575e-011	0
-5.57e-011	0
-5.565e-011	0
-5.56e-011	0
-5.555e-011	0
-5.55e-011	0
-5.545e-011	0
-5.54e-011	0
-5.535e-011	0
-5.53e-011	0
-5.525e-011	0
-5.52e-011	0
-5.515e-011	0
-5.51e-011	0
-5.505e-011	0
-5.5e-011	0
-5.495e-011	0
-5.49e-011	0
-5.485e-011	0
-5.48e-011	0
-5.475e-011	0
-5.47e-011	0
-5.465e-011	0
-5.46e-011	0
-5.455e-011	0
-5.45e-011	0
-5.445e-011	0
-5.44e-011	0
-5.435e-011	0
-5.43e-011	0
-5.425e-011	0
-5.42e-011	0
-5.415e-011	0
-5.41e-011	0
-5.405e-011	0
-5.4e-011	0
-5.395e-011	0
-5.39e-011	0
-5.385e-011	0
-5.38e-011	0
-5.375e-011	0
-5.37e-011	0
-5.365e-011	0
-5.36e-011	0
-5.355e-011	0
-5.35e-011	0
-5.345e-011	0
-5.34e-011	0
-5.335e-011	0
-5.33e-011	0
-5.325e-011	0
-5.32e-011	0
-5.315e-011	0
-5.31e-011	0
-5.305e-011	0
-5.3e-011	0
-5.295e-011	0
-5.29e-011	0
-5.285e-011	0
-5.28e-011	0
-5.275e-011	0
-5.27e-011	0
-5.265e-011	0
-5.26e-011	0
-5.255e-011	0
-5.25e-011	0
-5.245e-011	0
-5.24e-011	0
-5.235e-011	0
-5.23e-011	0
-5.225e-011	0
-5.22e-011	0
-5.215e-011	0
-5.21e-011	0
-5.205e-011	0
-5.2e-011	0
-5.195e-011	0
-5.19e-011	0
-5.185e-011	0
-5.18e-011	0
-5.175e-011	0
-5.17e-011	0
-5.165e-011	0
-5.16e-011	0
-5.155e-011	0
-5.15e-011	0
-5.145e-011	0
-5.14e-011	0
-5.135e-011	0
-5.13e-011	0
-5.125e-011	0
-5.12e-011	0
-5.115e-011	0
-5.11e-011	0
-5.105e-011	0
-5.1e-011	0
-5.095e-011	0
-5.09e-011	0
-5.085e-011	0
-5.08e-011	0
-5.075e-011	0
-5.07e-011	0
-5.065e-011	0
-5.06e-011	0
-5.055e-011	0
-5.05e-011	0
-5.045e-011	0
-5.04e-011	0
-5.035e-011	0
-5.03e-011	0
-5.025e-011	0
-5.02e-011	0
-5.015e-011	0
-5.01e-011	0
-5.005e-011	0
-5e-011	0
-4.995e-011	0
-4.99e-011	0
-4.985e-011	0
-4.98e-011	0
-4.975e-011	0
-4.97e-011	0
-4.965e-011	0
-4.96e-011	0
-4.955e-011	0
-4.95e-011	0
-4.945e-011	0
-4.94e-011	0
-4.935e-011	0
-4.93e-011	0
-4.925e-011	0
-4.92e-011	0
-4.915e-011	0
-4.91e-011	0
-4.905e-011	0
-4.9e-011	0
-4.895e-011	0
-4.89e-011	0
-4.885e-011	0
-4.88e-011	0
-4.875e-011	0
-4.87e-011	0
-4.865e-011	0
-4.86e-011	0
-4.855e-011	0
-4.85e-011	0
-4.845e-011	0
-4.84e-011	0
-4.835e-011	0
-4.83e-011	0
-4.825e-011	0
-4.82e-011	0
-4.815e-011	0
-4.81e-011	0
-4.805e-011	0
-4.8e-011	0
-4.795e-011	0
-4.79e-011	0
-4.785e-011	0
-4.78e-011	0
-4.775e-011	0
-4.77e-011	0
-4.765e-011	0
-4.76e-011	0
-4.755e-011	0
-4.75e-011	0
-4.745e-011	0
-4.74e-011	0
-4.735e-011	0
-4.73e-011	0
-4.725e-011	0
-4.72e-011	0
-4.715e-011	0
-4.71e-011	0
-4.705e-011	0
-4.7e-011	0
-4.695e-011	0
-4.69e-011	0
-4.685e-011	0
-4.68e-011	0
-4.675e-011	0
-4.67e-011	0
-4.665e-011	0
-4.66e-011	0
-4.655e-011	0
-4.65e-011	0
-4.645e-011	0
-4.64e-011	0
-4.635e-011	0
-4.63e-011	0
-4.625e-011	0
-4.62e-011	0
-4.615e-011	0
-4.61e-011	0
-4.605e-011	0
-4.6e-011	0
-4.595e-011	0
-4.59e-011	0
-4.585e-011	0
-4.58e-011	0
-4.575e-011	0
-4.57e-011	0
-4.565e-011	0
-4.56e-011	0
-4.555e-011	0
-4.55e-011	0
-4.545e-011	0
-4.54e-011	0
-4.535e-011	0
-4.53e-011	0
-4.525e-011	0
-4.52e-011	0
-4.515e-011	0
-4.51e-011	0
-4.505e-011	0
-4.5e-011	0
-4.495e-011	0
-4.49e-011	0
-4.485e-011	0
-4.48e-011	0
-4.475e-011	0
-4.47e-011	0
-4.465e-011	0
-4.46e-011	0
-4.455e-011	0
-4.45e-011	0
-4.445e-011	0
-4.44e-011	0
-4.435e-011	0
-4.43e-011	0
-4.425e-011	0
-4.42e-011	0
-4.415e-011	0
-4.41e-011	0
-4.405e-011	0
-4.4e-011	0
-4.395e-011	0
-4.39e-011	0
-4.385e-011	0
-4.38e-011	0
-4.375e-011	0
-4.37e-011	0
-4.365e-011	0
-4.36e-011	0
-4.355e-011	0
-4.35e-011	0
-4.345e-011	0
-4.34e-011	0
-4.335e-011	0
-4.33e-011	0
-4.325e-011	0
-4.32e-011	0
-4.315e-011	0
-4.31e-011	0
-4.305e-011	0
-4.3e-011	0
-4.295e-011	0
-4.29e-011	0
-4.285e-011	0
-4.28e-011	0
-4.275e-011	0
-4.27e-011	0
-4.265e-011	0
-4.26e-011	0
-4.255e-011	0
-4.25e-011	0
-4.245e-011	0
-4.24e-011	0
-4.235e-011	0
-4.23e-011	0
-4.225e-011	0
-4.22e-011	0
-4.215e-011	0
-4.21e-011	0
-4.205e-011	0
-4.2e-011	0
-4.195e-011	0
-4.19e-011	0
-4.185e-011	0
-4.18e-011	0
-4.175e-011	0
-4.17e-011	0
-4.165e-011	0
-4.16e-011	0
-4.155e-011	0
-4.15e-011	0
-4.145e-011	0
-4.14e-011	0
-4.135e-011	0
-4.13e-011	0
-4.125e-011	0
-4.12e-011	0
-4.115e-011	0
-4.11e-011	0
-4.105e-011	0
-4.1e-011	0
-4.095e-011	0
-4.09e-011	0
-4.085e-011	0
-4.08e-011	0
-4.075e-011	0
-4.07e-011	0
-4.065e-011	0
-4.06e-011	0
-4.055e-011	0
-4.05e-011	0
-4.045e-011	0
-4.04e-011	0
-4.035e-011	0
-4.03e-011	0
-4.025e-011	0
-4.02e-011	1
-4.015e-011	0
-4.01e-011	0
-4.005e-011	0
-4e-011	0
-3.995e-011	0
-3.99e-011	0
-3.985e-011	0
-3.98e-011	0
-3.975e-011	0
-3.97e-011	0
-3.965e-011	1
-3.96e-011	0
-3.955e-011	1
-3.95e-011	0
-3.945e-011	1
-3.94e-011	0
-3.935e-011	0
-3.93e-011	0
-3.925e-011	1
-3.92e-011	0
-3.915e-011	0
-3.91e-011	0
-3.905e-011	0
-3.9e-011	0
-3.895e-011	0
-3.89e-011	0
-3.885e-011	0
-3.88e-011	1
-3.875e-011	0
-3.87e-011	1
-3.865e-011	0
-3.86e-011	0
-3.855e-011	0
-3.85e-011	0
-3.845e-011	1
-3.84e-011	0
-3.835e-011	0
-3.83e-011	0
-3.825e-011	0
-3.82e-011	0
-3.815e-011	0
-3.81e-011	0
-3.805e-011	0
-3.8e-011	1
-3.795e-011	0
-3.79e-011	1
-3.785e-011	0
-3.78e-011	0
-3.775e-011	0
-3.77e-011	1
-3.765e-011	0
-3.76e-011	0
-3.755e-011	0
-3.75e-011	0
-3.745e-011	0
-3.74e-011	0
-3.735e-011	0
-3.73e-011	0
-3.725e-011	1
-3.72e-011	0
-3.715e-011	1
-3.71e-011	0
-3.705e-011	0
-3.7e-011	0
-3.695e-011	0
-3.69e-011	0
-3.685e-011	0
-3.68e-011	0
-3.675e-011	0
-3.67e-011	0
-3.665e-011	0
-3.66e-011	0
-3.655e-011	0
-3.65e-011	0
-3.645e-011	1
-3.64e-011	1
-3.635e-011	0
-3.63e-011	0
-3.625e-011	1
-3.62e-011	1
-3.615e-011	2
-3.61e-011	0
-3.605e-011	0
-3.6e-011	0
-3.595e-011	0
-3.59e-011	0
-3.585e-011	0
-3.58e-011	1
-3.575e-011	0
-3.57e-011	2
-3.565e-011	0
-3.56e-011	1
-3.555e-011	0
-3.55e-011	0
-3.545e-011	1
-3.54e-011	0
-3.535e-011	0
-3.53e-011	0
-3.525e-011	0
-3.52e-011	1
-3.515e-011	0
-3.51e-011	1
-3.505e-011	0
-3.5e-011	0
-3.495e-011	2
-3.49e-011	0
-3.485e-011	0
-3.48e-011	1
-3.475e-011	0
-3.47e-011	0
-3.465e-011	0
-3.46e-011	0
-3.455e-011	2
-3.45e-011	2
-3.445e-011	2
-3.44e-011	0
-3.435e-011	1
-3.43e-011	1
-3.425e-011	1
-3.42e-011	1
-3.415e-011	2
-3.41e-011	0
-3.405e-011	0
-3.4e-011	3
-3.395e-011	0
-3.39e-011	1
-3.385e-011	2
-3.38e-011	1
-3.375e-011	0
-3.37e-011	0
-3.365e-011	0
-3.36e-011	2
-3.355e-011	0
-3.35e-011	1
-3.345e-011	0
-3.34e-011	0
-3.335e-011	2
-3.33e-011	1
-3.325e-011	1
-3.32e-011	1
-3.315e-011	1
-3.31e-011	2
-3.305e-011	2
-3.3e-011	3
-3.295e-011	2
-3.29e-011	1
-3.285e-011	1
-3.28e-011	4
-3.275e-011	0
-3.27e-011	1
-3.265e-011	1
-3.26e-011	2
-3.255e-011	1
-3.25e-011	1
-3.245e-011	0
-3.24e-011	3
-3.235e-011	0
-3.23e-011	0
-3.225e-011	0
-3.22e-011	2
-3.215e-011	4
-3.21e-011	4
-3.205e-011	0
-3.2e-011	0
-3.195e-011	2
-3.19e-011	0
-3.185e-011	1
-3.18e-011	0
-3.175e-011	1
-3.17e-011	2
-3.165e-011	0
-3.16e-011	0
-3.155e-011	1
-3.15e-011	1
-3.145e-011	3
-3.14e-011	0
-3.135e-011	2
-3.13e-011	3
-3.125e-011	1
-3.12e-011	2
-3.115e-011	2
-3.11e-011	3
-3.105e-011	0
-3.1e-011	3
-3.095e-011	3
-3.09e-011	2
-3.085e-011	0
-3.08e-011	4
-3.075e-011	1
-3.07e-011	1
-3.065e-011	1
-3.06e-011	1
-3.055e-011	3
-3.05e-011	1
-3.045e-011	3
-3.04e-011	1
-3.035e-011	1
-3.03e-011	5
-3.025e-011	3
-3.02e-011	3
-3.015e-011	2
-3.01e-011	3
-3.005e-011	4
-3e-011	1
-2.995e-011	2
-2.99e-011	3
-2.985e-011	2
-2.98e-011	6
-2.975e-011	2
-2.97e-011	3
-2.965e-011	7
-2.96e-011	4
-2.955e-011	3
-2.95e-011	6
-2.945e-011	6
-2.94e-011	2
-2.935e-011	2
-2.93e-011	0
-2.925e-011	2
-2.92e-011	4
-2.915e-011	3
-2.91e-011	1
-2.905e-011	1
-2.9e-011	3
-2.895e-011	9
-2.89e-011	5
-2.885e-011	2
-2.88e-011	2
-2.875e-011	4
-2.87e-011	4
-2.865e-011	2
-2.86e-011	4
-2.855e-011	1
-2.85e-011	2
-2.845e-011	3
-2.84e-011	5
-2.835e-011	3
-2.83e-011	5
-2.825e-011	1
-2.82e-011	5
-2.815e-011	6
-2.81e-011	4
-2.805e-011	6
-2.8e-011	3
-2.795e-011	0
-2.79e-011	4
-2.785e-011	4
-2.78e-011	8
-2.775e-011	3
-2.77e-011	3
-2.765e-011	5
-2.76e-011	4
-2.755e-011	4
-2.75e-011	3
-2.745e-011	4
-2.74e-011	4
-2.735e-011	5
-2.73e-011	7
-2.725e-011	3
-2.72e-011	5
-2.715e-011	6
-2.71e-011	7
-2.705e-011	1
-2.7e-011	5
-2.695e-011	4
-2.69e-011	5
-2.685e-011	3
-2.68e-011	9
-2.675e-011	5
-2.67e-011	5
-2.665e-011	5
-2.66e-011	7
-2.655e-011	10
-2.65e-011	0
-2.645e-011	5
-2.64e-011	3
-2.635e-011	5
-2.63e-011	6
-2.625e-011	9
-2.62e-011	6
-2.615e-011	6
-2.61e-011	4
-2.605e-011	11
-2.6e-011	7
-2.595e-011	7
-2.59e-011	3
-2.585e-011	4
-2.58e-011	5
-2.575e-011	9
-2.57e-011	7
-2.565e-011	5
-2.56e-011	4
-2.555e-011	8
-2.55e-011	6
-2.545e-011	4
-2.54e-011	15
-2.535e-011	7
-2.53e-011	6
-2.525e-011	6
-2.52e-011	8
-2.515e-011	4
-2.51e-011	7
-2.505e-011	8
-2.5e-011	8
-2.495e-011	1
-2.49e-011	9
-2.485e-011	11
-2.48e-011	6
-2.475e-011	4
-2.47e-011	13
-2.465e-011	6
-2.46e-011	7
-2.455e-011	11
-2.45e-011	4
-2.445e-011	8
-2.44e-011	6
-2.435e-011	7
-2.43e-011	13
-2.425e-011	10
-2.42e-011	5
-2.415e-011	9
-2.41e-011	9
-2.405e-011	8
-2.4e-011	11
-2.395e-011	8
-2.39e-011	6
-2.385e-011	8
-2.38e-011	12
-2.375e-011	8
-2.37e-011	8
-2.365e-011	11
-2.36e-011	6
-2.355e-011	10
-2.35e-011	7
-2.345e-011	13
-2.34e-011	5
-2.335e-011	10
-2.33e-011	5
-2.325e-011	8
-2.32e-011	13
-2.315e-011	15
-2.31e-011	6
-2.305e-011	14
-2.3e-011	6
-2.295e-011	9
-2.29e-011	7
-2.285e-011	8
-2.28e-011	6
-2.275e-011	9
-2.27e-011	7
-2.265e-011	9
-2.26e-011	8
-2.255e-011	5
-2.25e-011	8
-2.245e-011	8
-2.24e-011	6
-2.235e-011	11
-2.23e-011	4
-2.225e-011	7
-2.22e-011	12
-2.215e-011	7
-2.21e-011	10
-2.205e-011	13
-2.2e-011	10
-2.195e-011	7
-2.19e-011	6
-2.185e-011	6
-2.18e-011	8
-2.175e-011	7
-2.17e-011	6
-2.165e-011	9
-2.16e-011	12
-2.155e-011	12
-2.15e-011	14
-2.145e-011	10
-2.14e-011	6
-2.135e-011	7
-2.13e-011	9
-2.125e-011	7
-2.12e-011	7
-2.115e-011	4
-2.11e-011	6
-2.105e-011	9
-2.1e-011	10
-2.095e-011	10
-2.09e-011	12
-2.085e-011	7
-2.08e-011	11
-2.075e-011	12
-2.07e-011	20
-2.065e-011	10
-2.06e-011	5
-2.055e-011	8
-2.05e-011	9
-2.045e-011	2
-2.04e-011	10
-2.035e-011	8
-2.03e-011	6
-2.025e-011	7
-2.02e-011	15
-2.015e-011	10
-2.01e-011	9
-2.005e-011	14
-2e-011	12
-1.995e-011	9
-1.99e-011	8
-1.985e-011	8
-1.98e-011	14
-1.975e-011	6
-1.97e-011	14
-1.965e-011	6
-1.96e-011	14
-1.955e-011	6
-1.95e-011	7
-1.945e-011	11
-1.94e-011	8
-1.935e-011	9
-1.93e-011	9
-1.925e-011	5
-1.92e-011	7
-1.915e-011	12
-1.91e-011	9
-1.905e-011	14
-1.9e-011	4
-1.895e-011	9
-1.89e-011	12
-1.885e-011	7
-1.88e-011	13
-1.875e-011	11
-1.87e-011	7
-1.865e-011	9
-1.86e-011	20
-1.855e-011	11
-1.85e-011	12
-1.845e-011	7
-1.84e-011	8
-1.835e-011	10
-1.83e-011	12
-1.825e-011	5
-1.82e-011	7
-1.815e-011	18
-1.81e-011	15
-1.805e-011	8
-1.8e-011	11
-1.795e-011	7
-1.79e-011	13
-1.785e-011	6
-1.78e-011	14
-1.775e-011	10
-1.77e-011	6
-1.765e-011	6
-1.76e-011	8
-1.755e-011	10
-1.75e-011	9
-1.745e-011	10
-1.74e-011	10
-1.735e-011	15
-1.73e-011	5
-1.725e-011	11
-1.72e-011	10
-1.715e-011	12
-1.71e-011	8
-1.705e-011	13
-1.7e-011	11
-1.695e-011	10
-1.69e-011	5
-1.685e-011	9
-1.68e-011	5
-1.675e-011	5
-1.67e-011	21
-1.665e-011	10
-1.66e-011	10
-1.655e-011	9
-1.65e-011	15
-1.645e-011	13
-1.64e-011	11
-1.635e-011	19
-1.63e-011	10
-1.625e-011	11
-1.62e-011	7
-1.615e-011	8
-1.61e-011	12
-1.605e-011	7
-1.6e-011	11
-1.595e-011	8
-1.59e-011	14
-1.585e-011	9
-1.58e-011	16
-1.575e-011	15
-1.57e-011	9
-1.565e-011	9
-1.56e-011	6
-1.555e-011	14
-1.55e-011	17
-1.545e-011	10
-1.54e-011	11
-1.535e-011	10
-1.53e-011	11
-1.525e-011	15
-1.52e-011	7
-1.515e-011	16
-1.51e-011	14
-1.505e-011	18
-1.5e-011	10
-1.495e-011	6
-1.49e-011	16
-1.485e-011	14
-1.48e-011	14
-1.475e-011	16
-1.47e-011	12
-1.465e-011	12
-1.46e-011	9
-1.455e-011	6
-1.45e-011	13
-1.445e-011	9
-1.44e-011	18
-1.435e-011	11
-1.43e-011	12
-1.425e-011	10
-1.42e-011	12
-1.415e-011	16
-1.41e-011	12
-1.405e-011	10
-1.4e-011	17
-1.395e-011	11
-1.39e-011	20
-1.385e-011	16
-1.38e-011	9
-1.375e-011	15
-1.37e-011	20
-1.365e-011	14
-1.36e-011	11
-1.355e-011	22
-1.35e-011	11
-1.345e-011	23
-1.34e-011	17
-1.335e-011	11
-1.33e-011	21
-1.325e-011	19
-1.32e-011	17
-1.315e-011	16
-1.31e-011	17
-1.305e-011	14
-1.3e-011	9
-1.295e-011	19
-1.29e-011	22
-1.285e-011	15
-1.28e-011	10
-1.275e-011	16
-1.27e-011	19
-1.265e-011	17
-1.26e-011	24
-1.255e-011	13
-1.25e-011	15
-1.245e-011	14
-1.24e-011	21
-1.235e-011	15
-1.23e-011	15
-1.225e-011	17
-1.22e-011	23
-1.215e-011	18
-1.21e-011	20
-1.205e-011	23
-1.2e-011	13
-1.195e-011	13
-1.19e-011	23
-1.185e-011	22
-1.18e-011	25
-1.175e-011	18
-1.17e-011	19
-1.165e-011	19
-1.16e-011	15
-1.155e-011	8
-1.15e-011	16
-1.145e-011	12
-1.14e-011	20
-1.135e-011	14
-1.13e-011	14
-1.125e-011	20
-1.12e-011	25
-1.115e-011	19
-1.11e-011	22
-1.105e-011	19
-1.1e-011	28
-1.095e-011	22
-1.09e-011	17
-1.085e-011	18
-1.08e-011	21
-1.075e-011	20
-1.07e-011	27
-1.065e-011	26
-1.06e-011	29
-1.055e-011	23
-1.05e-011	16
-1.045e-011	24
-1.04e-011	21
-1.035e-011	16
-1.03e-011	20
-1.025e-011	20
-1.02e-011	19
-1.015e-011	19
-1.01e-011	23
-1.005e-011	20
-1e-011	24
-9.95e-012	28
-9.9e-012	21
-9.85e-012	39
-9.8e-012	22
-9.75e-012	16
-9.7e-012	21
-9.65e-012	22
-9.6e-012	21
-9.55e-012	22
-9.5e-012	24
-9.45e-012	20
-9.4e-012	23
-9.35e-012	17
-9.3e-012	27
-9.25e-012	16
-9.2e-012	14
-9.15e-012	15
-9.1e-012	22
-9.05e-012	13
-9e-012	25
-8.95e-012	20
-8.9e-012	22
-8.85e-012	22
-8.8e-012	28
-8.75e-012	27
-8.7e-012	29
-8.65e-012	13
-8.6e-012	32
-8.55e-012	26
-8.5e-012	25
-8.45e-012	24
-8.4e-012	28
-8.35e-012	20
-8.3e-012	28
-8.25e-012	15
-8.2e-012	24
-8.15e-012	19
-8.1e-012	25
-8.05e-012	33
-8e-012	28
-7.95e-012	23
-7.9e-012	20
-7.85e-012	22
-7.8e-012	27
-7.75e-012	30
-7.7e-012	21
-7.65e-012	21
-7.6e-012	29
-7.55e-012	29
-7.5e-012	26
-7.45e-012	29
-7.4e-012	21
-7.35e-012	28
-7.3e-012	26
-7.25e-012	26
-7.2e-012	31
-7.15e-012	20
-7.1e-012	28
-7.05e-012	26
-7e-012	16
-6.95e-012	34
-6.9e-012	26
-6.85e-012	22
-6.8e-012	24
-6.75e-012	29
-6.7e-012	26
-6.65e-012	31
-6.6e-012	32
-6.55e-012	20
-6.5e-012	20
-6.45e-012	26
-6.4e-012	24
-6.35e-012	30
-6.3e-012	25
-6.25e-012	34
-6.2e-012	28
-6.15e-012	26
-6.1e-012	29
-6.05e-012	39
-6e-012	28
-5.95e-012	28
-5.9e-012	23
-5.85e-012	27
-5.8e-012	25
-5.75e-012	18
-5.7e-012	29
-5.65e-012	29
-5.6e-012	24
-5.55e-012	25
-5.5e-012	22
-5.45e-012	24
-5.4e-012	28
-5.35e-012	25
-5.3e-012	21
-5.25e-012	20
-5.2e-012	28
-5.15e-012	26
-5.1e-012	30
-5.05e-012	31
-5e-012	24
-4.95e-012	25
-4.9e-012	28
-4.85e-012	19
-4.8e-012	21
-4.75e-012	39
-4.7e-012	27
-4.65e-012	32
-4.6e-012	28
-4.55e-012	27
-4.5e-012	27
-4.45e-012	30
-4.4e-012	30
-4.35e-012	23
-4.3e-012	16
-4.25e-012	24
-4.2e-012	31
-4.15e-012	19
-4.1e-012	26
-4.05e-012	27
-4e-012	29
-3.95e-012	29
-3.9e-012	25
-3.85e-012	20
-3.8e-012	26
-3.75e-012	16
-3.7e-012	29
-3.65e-012	23
-3.6e-012	19
-3.55e-012	30
-3.5e-012	17
-3.45e-012	28
-3.4e-012	25
-3.35e-012	26
-3.3e-012	23
-3.25e-012	26
-3.2e-012	23
-3.15e-012	19
-3.1e-012	26
-3.05e-012	23
-3e-012	31
-2.95e-012	22
-2.9e-012	26
-2.85e-012	20
-2.8e-012	25
-2.75e-012	28
-2.7e-012	21
-2.65e-012	25
-2.6e-012	16
-2.55e-012	34
-2.5e-012	23
-2.45e-012	37
-2.4e-012	22
-2.35e-012	19
-2.3e-012	17
-2.25e-012	15
-2.2e-012	17
-2.15e-012	22
-2.1e-012	22
-2.05e-012	21
-2e-012	22
-1.95e-012	19
-1.9e-012	23
-1.85e-012	17
-1.8e-012	20
-1.75e-012	20
-1.7e-012	18
-1.65e-012	13
-1.6e-012	20
-1.55e-012	19
-1.5e-012	20
-1.45e-012	15
-1.4e-012	15
-1.35e-012	20
-1.3e-012	19
-1.25e-012	21
-1.2e-012	13
-1.15e-012	20
-1.1e-012	11
-1.05e-012	16
-1e-012	14
-9.5e-013	17
-9e-013	21
-8.5e-013	15
-8e-013	25
-7.5e-013	24
-7e-013	17
-6.5e-013	19
-6e-013	15
-5.5e-013	18
-5e-013	17
-4.5e-013	12
-4e-013	16
-3.5e-013	20
-3e-013	20
-2.5e-013	21
-2e-013	17
-1.5e-013	14
-1e-013	16
-5e-014	17
1.6883e-024	11
5e-014	12
1e-013	11
1.5e-013	11
2e-013	19
2.5e-013	6
3e-013	11
3.5e-013	15
4e-013	12
4.5e-013	20
5e-013	23
5.5e-013	16
6e-013	24
6.5e-013	16
7e-013	16
7.5e-013	11
8e-013	15
8.5e-013	8
9e-013	11
9.5e-013	12
1e-012	15
1.05e-012	16
1.1e-012	10
1.15e-012	10
1.2e-012	16
1.25e-012	9
1.3e-012	10
1.35e-012	7
1.4e-012	11
1.45e-012	12
1.5e-012	9
1.55e-012	16
1.6e-012	10
1.65e-012	12
1.7e-012	13
1.75e-012	13
1.8e-012	10
1.85e-012	13
1.9e-012	9
1.95e-012	17
2e-012	11
2.05e-012	13
2.1e-012	9
2.15e-012	9
2.2e-012	16
2.25e-012	10
2.3e-012	12
2.35e-012	6
2.4e-012	8
2.45e-012	8
2.5e-012	10
2.55e-012	9
2.6e-012	8
2.65e-012	13
2.7e-012	5
2.75e-012	6
2.8e-012	9
2.85e-012	10
2.9e-012	9
2.95e-012	13
3e-012	3
3.05e-012	11
3.1e-012	12
3.15e-012	12
3.2e-012	9
3.25e-012	9
3.3e-012	5
3.35e-012	6
3.4e-012	8
3.45e-012	6
3.5e-012	5
3.55e-012	9
3.6e-012	7
3.65e-012	3
3.7e-012	6
3.75e-012	9
3.8e-012	3
3.85e-012	8
3.9e-012	6
3.95e-012	8
4e-012	3
4.05e-012	11
4.1e-012	4
4.15e-012	7
4.2e-012	5
4.25e-012	8
4.3e-012	7
4.35e-012	6
4.4e-012	7
4.45e-012	5
4.5e-012	4
4.55e-012	4
4.6e-012	3
4.65e-012	5
4.7e-012	4
4.75e-012	4
4.8e-012	3
4.85e-012	9
4.9e-012	0
4.95e-012	4
5e-012	8
5.05e-012	3
5.1e-012	2
5.15e-012	2
5.2e-012	4
5.25e-012	1
5.3e-012	3
5.35e-012	6
5.4e-012	6
5.45e-012	4
5.5e-012	8
5.55e-012	0
5.6e-012	8
5.65e-012	0
5.7e-012	6
5.75e-012	2
5.8e-012	2
5.85e-012	2
5.9e-012	2
5.95e-012	5
6e-012	3
6.05e-012	1
6.1e-012	0
6.15e-012	4
6.2e-012	1
6.25e-012	1
6.3e-012	2
6.35e-012	3
6.4e-012	6
6.45e-012	2
6.5e-012	2
6.55e-012	2
6.6e-012	4
6.65e-012	2
6.7e-012	3
6.75e-012	1
6.8e-012	3
6.85e-012	0
6.9e-012	2
6.95e-012	3
7e-012	2
7.05e-012	2
7.1e-012	3
7.15e-012	1
7.2e-012	2
7.25e-012	1
7.3e-012	2
7.35e-012	0
7.4e-012	2
7.45e-012	1
7.5e-012	1
7.55e-012	3
7.6e-012	0
7.65e-012	1
7.7e-012	0
7.75e-012	2
7.8e-012	1
7.85e-012	2
7.9e-012	0
7.95e-012	1
8e-012	2
8.05e-012	0
8.1e-012	0
8.15e-012	2
8.2e-012	1
8.25e-012	0
8.3e-012	1
8.35e-012	0
8.4e-012	0
8.45e-012	0
8.5e-012	0
8.55e-012	0
8.6e-012	0
8.65e-012	1
8.7e-012	0
8.75e-012	0
8.8e-012	0
8.85e-012	1
8.9e-012	1
8.95e-012	0
9e-012	0
9.05e-012	1
9.1e-012	0
9.15e-012	0
9.2e-012	2
9.25e-012	0
9.3e-012	0
9.35e-012	1
9.4e-012	0
9.45e-012	1
9.5e-012	1
9.55e-012	0
9.6e-012	1
9.65e-012	2
9.7e-012	0
9.75e-012	0
9.8e-012	0
9.85e-012	0
9.9e-012	0
9.95e-012	1
1e-011	1
1.005e-011	1
1.01e-011	0
1.015e-011	0
1.02e-011	0
1.025e-011	1
1.03e-011	0
1.035e-011	0
1.04e-011	0
1.045e-011	0
1.05e-011	1
1.055e-011	0
1.06e-011	0
1.065e-011	0
1.07e-011	0
1.075e-011	0
1.08e-011	0
1.085e-011	0
1.09e-011	0
1.095e-011	0
1.1e-011	0
1.105e-011	0
1.11e-011	0
1.115e-011	2
1.12e-011	0
1.125e-011	0
1.13e-011	1
1.135e-011	1
1.14e-011	0
1.145e-011	0
1.15e-011	0
1.155e-011	0
1.16e-011	0
1.165e-011	1
1.17e-011	0
1.175e-011	1
1.18e-011	1
1.185e-011	0
1.19e-011	0
1.195e-011	0
1.2e-011	0
1.205e-011	0
1.21e-011	0
1.215e-011	0
1.22e-011	0
1.225e-011	0
1.23e-011	0
1.235e-011	0
1.24e-011	0
1.245e-011	0
1.25e-011	0
1.255e-011	0
1.26e-011	0
1.265e-011	0
1.27e-011	0
1.275e-011	0
1.28e-011	0
1.285e-011	0
1.29e-011	0
1.295e-011	0
1.3e-011	0
1.305e-011	1
1.31e-011	0
1.315e-011	0
1.32e-011	0
1.325e-011	1
1.33e-011	0
1.335e-011	0
1.34e-011	0
1.345e-011	0
1.35e-011	0
1.355e-011	0
1.36e-011	0
1.365e-011	0
1.37e-011	0
1.375e-011	0
1.38e-011	0
1.385e-011	0
1.39e-011	0
1.395e-011	0
1.4e-011	0
1.405e-011	0
1.41e-011	0
1.415e-011	0
1.42e-011	0
1.425e-011	0
1.43e-011	0
1.435e-011	0
1.44e-011	0
1.445e-011	0
1.45e-011	0
1.455e-011	0
1.46e-011	0
1.465e-011	1
1.47e-011	0
1.475e-011	0
1.48e-011	0
1.485e-011	0
1.49e-011	0
1.495e-011	0
1.5e-011	0
1.505e-011	0
1.51e-011	0
1.515e-011	0
1.52e-011	0
1.525e-011	0
1.53e-011	0
1.535e-011	0
1.54e-011	0
1.545e-011	0
1.55e-011	0
1.555e-011	0
1.56e-011	0
1.565e-011	0
1.57e-011	0
1.575e-011	0
1.58e-011	0
1.585e-011	0
1.59e-011	0
1.595e-011	0
1.6e-011	0
1.605e-011	0
1.61e-011	0
1.615e-011	0
1.62e-011	0
1.625e-011	0
1.63e-011	0
1.635e-011	0
1.64e-011	0
1.645e-011	0
1.65e-011	0
1.655e-011	0
1.66e-011	0
1.665e-011	0
1.67e-011	0
1.675e-011	0
1.68e-011	0
1.685e-011	0
1.69e-011	0
1.695e-011	0
1.7e-011	0
1.705e-011	0
1.71e-011	0
1.715e-011	0
1.72e-011	0
1.725e-011	0
1.73e-011	0
1.735e-011	0
1.74e-011	0
1.745e-011	0
1.75e-011	0
1.755e-011	0
1.76e-011	0
1.765e-011	0
1.77e-011	0
1.775e-011	0
1.78e-011	0
1.785e-011	0
1.79e-011	0
1.795e-011	0
1.8e-011	0
1.805e-011	0
1.81e-011	0
1.815e-011	0
1.82e-011	0
1.825e-011	0
1.83e-011	0
1.835e-011	0
1.84e-011	0
1.845e-011	0
1.85e-011	0
1.855e-011	0
1.86e-011	0
1.865e-011	0
1.87e-011	0
1.875e-011	0
1.88e-011	0
1.885e-011	0
1.89e-011	0
1.895e-011	0
1.9e-011	0
1.905e-011	0
1.91e-011	0
1.915e-011	0
1.92e-011	0
1.925e-011	0
1.93e-011	0
1.935e-011	0
1.94e-011	0
1.945e-011	0
1.95e-011	0
1.955e-011	0
1.96e-011	0
1.965e-011	0
1.97e-011	0
1.975e-011	0
1.98e-011	0
1.985e-011	0
1.99e-011	0
1.995e-011	0
2e-011	0
2.005e-011	0
2.01e-011	0
2.015e-011	0
2.02e-011	0
2.025e-011	0
2.03e-011	0
2.035e-011	0
2.04e-011	0
2.045e-011	0
2.05e-011	0
2.055e-011	0
2.06e-011	0
2.065e-011	0
2.07e-011	0
2.075e-011	0
2.08e-011	0
2.085e-011	0
2.09e-011	0
2.095e-011	0
2.1e-011	0
2.105e-011	0
2.11e-011	0
2.115e-011	0
2.12e-011	0
2.125e-011	0
2.13e-011	0
2.135e-011	0
2.14e-011	0
2.145e-011	0
2.15e-011	0
2.155e-011	0
2.16e-011	0
2.165e-011	0
2.17e-011	0
2.175e-011	0
2.18e-011	0
2.185e-011	0
2.19e-011	0
2.195e-011	0
2.2e-011	0
2.205e-011	0
2.21e-011	0
2.215e-011	0
2.22e-011	0
2.225e-011	0
2.23e-011	0
2.235e-011	0
2.24e-011	0
2.245e-011	0
2.25e-011	0
2.255e-011	0
2.26e-011	0
2.265e-011	0
2.27e-011	0
2.275e-011	0
2.28e-011	0
2.285e-011	0
2.29e-011	0
2.295e-011	0
2.3e-011	0
2.305e-011	0
2.31e-011	0
2.315e-011	0
2.32e-011	0
2.325e-011	0
2.33e-011	0
2.335e-011	0
2.34e-011	0
2.345e-011	0
2.35e-011	0
2.355e-011	0
2.36e-011	0
2.365e-011	0
2.37e-011	0
2.375e-011	0
2.38e-011	0
2.385e-011	0
2.39e-011	0
2.395e-011	0
2.4e-011	0
2.405e-011	0
2.41e-011	0
2.415e-011	0
2.42e-011	0
2.425e-011	0
2.43e-011	0
2.435e-011	0
2.44e-011	0
2.445e-011	0
2.45e-011	0
2.455e-011	0
2.46e-011	0
2.465e-011	0
2.47e-011	0
2.475e-011	0
2.48e-011	0
2.485e-011	0
2.49e-011	0
2.495e-011	0
2.5e-011	0
2.505e-011	0
2.51e-011	0
2.515e-011	0
2.52e-011	0
2.525e-011	0
2.53e-011	0
2.535e-011	0
2.54e-011	0
2.545e-011	0
2.55e-011	0
2.555e-011	0
2.56e-011	0
2.565e-011	0
2.57e-011	0
2.575e-011	0
2.58e-011	0
2.585e-011	0
2.59e-011	0
2.595e-011	0
2.6e-011	0
2.605e-011	0
2.61e-011	0
2.615e-011	0
2.62e-011	0
2.625e-011	0
2.63e-011	0
2.635e-011	0
2.64e-011	0
2.645e-011	0
2.65e-011	0
2.655e-011	0
2.66e-011	0
2.665e-011	0
2.67e-011	0
2.675e-011	0
2.68e-011	0
2.685e-011	0
2.69e-011	0
2.695e-011	0
2.7e-011	0
2.705e-011	0
2.71e-011	0
2.715e-011	0
2.72e-011	0
2.725e-011	0
2.73e-011	0
2.735e-011	0
2.74e-011	0
2.745e-011	0
2.75e-011	0
2.755e-011	0
2.76e-011	0
2.765e-011	0
2.77e-011	0
2.775e-011	0
2.78e-011	0
2.785e-011	0
2.79e-011	0
2.795e-011	0
2.8e-011	0
2.805e-011	0
2.81e-011	0
2.815e-011	0
2.82e-011	0
2.825e-011	0
2.83e-011	0
2.835e-011	0
2.84e-011	0
2.845e-011	0
2.85e-011	0
2.855e-011	0
2.86e-011	0
2.865e-011	0
2.87e-011	0
2.875e-011	0
2.88e-011	0
2.885e-011	0
2.89e-011	0
2.895e-011	0
2.9e-011	0
2.905e-011	0
2.91e-011	0
2.915e-011	0
2.92e-011	0
2.925e-011	0
2.93e-011	0
2.935e-011	0
2.94e-011	0
2.945e-011	0
2.95e-011	0
2.955e-011	0
2.96e-011	0
2.965e-011	0
2.97e-011	0
2.975e-011	0
2.98e-011	0
2.985e-011	0
2.99e-011	0
2.995e-011	0
3e-011	0
3.005e-011	0
3.01e-011	0
3.015e-011	0
3.02e-011	0
3.025e-011	0
3.03e-011	0
3.035e-011	0
3.04e-011	0
3.045e-011	0
3.05e-011	0
3.055e-011	0
3.06e-011	0
3.065e-011	0
3.07e-011	0
3.075e-011	0
3.08e-011	0
3.085e-011	0
3.09e-011	0
3.095e-011	0
3.1e-011	0
3.105e-011	0
3.11e-011	0
3.115e-011	0
3.12e-011	0
3.125e-011	0
3.13e-011	0
3.135e-011	0
3.14e-011	0
3.145e-011	0
3.15e-011	0
3.155e-011	0
3.16e-011	0
3.165e-011	0
3.17e-011	0
3.175e-011	0
3.18e-011	0
3.185e-011	0
3.19e-011	0
3.195e-011	0
3.2e-011	0
3.205e-011	0
3.21e-011	0
3.215e-011	0
3.22e-011	0
3.225e-011	0
3.23e-011	0
3.235e-011	0
3.24e-011	0
3.245e-011	0
3.25e-011	0
3.255e-011	0
3.26e-011	0
3.265e-011	0
3.27e-011	0
3.275e-011	0
3.28e-011	0
3.285e-011	0
3.29e-011	0
3.295e-011	0
3.3e-011	0
3.305e-011	0
3.31e-011	0
3.315e-011	0
3.32e-011	0
3.325e-011	0
3.33e-011	0
3.335e-011	0
