LECROYWRHRO66Zi	56744	Histogram
Segments	1	SegmentSize	2000
Segment	TrigTime	TimeSinceSegment1
#1	08-Nov-2013 14:02:09	0                 
Time	Ampl
-8.06e-010	0
-8.055e-010	0
-8.05e-010	3
-8.045e-010	1
-8.04e-010	0
-8.035e-010	1
-8.03e-010	3
-8.025e-010	1
-8.02e-010	1
-8.015e-010	0
-8.01e-010	0
-8.005e-010	0
-8e-010	3
-7.995e-010	0
-7.99e-010	1
-7.985e-010	0
-7.98e-010	1
-7.975e-010	2
-7.97e-010	1
-7.965e-010	0
-7.96e-010	1
-7.955e-010	0
-7.95e-010	1
-7.945e-010	0
-7.94e-010	1
-7.935e-010	0
-7.93e-010	0
-7.925e-010	2
-7.92e-010	1
-7.915e-010	0
-7.91e-010	1
-7.905e-010	0
-7.9e-010	0
-7.895e-010	0
-7.89e-010	0
-7.885e-010	0
-7.88e-010	0
-7.875e-010	0
-7.87e-010	0
-7.865e-010	1
-7.86e-010	0
-7.855e-010	1
-7.85e-010	0
-7.845e-010	0
-7.84e-010	0
-7.835e-010	0
-7.83e-010	1
-7.825e-010	1
-7.82e-010	1
-7.815e-010	0
-7.81e-010	5
-7.805e-010	0
-7.8e-010	3
-7.795e-010	1
-7.79e-010	0
-7.785e-010	0
-7.78e-010	1
-7.775e-010	1
-7.77e-010	2
-7.765e-010	3
-7.76e-010	1
-7.755e-010	0
-7.75e-010	0
-7.745e-010	0
-7.74e-010	3
-7.735e-010	0
-7.73e-010	1
-7.725e-010	1
-7.72e-010	2
-7.715e-010	1
-7.71e-010	3
-7.705e-010	1
-7.7e-010	0
-7.695e-010	0
-7.69e-010	2
-7.685e-010	2
-7.68e-010	4
-7.675e-010	0
-7.67e-010	1
-7.665e-010	2
-7.66e-010	0
-7.655e-010	2
-7.65e-010	3
-7.645e-010	0
-7.64e-010	2
-7.635e-010	0
-7.63e-010	1
-7.625e-010	2
-7.62e-010	0
-7.615e-010	0
-7.61e-010	1
-7.605e-010	0
-7.6e-010	1
-7.595e-010	0
-7.59e-010	1
-7.585e-010	0
-7.58e-010	1
-7.575e-010	2
-7.57e-010	1
-7.565e-010	1
-7.56e-010	0
-7.555e-010	1
-7.55e-010	2
-7.545e-010	1
-7.54e-010	1
-7.535e-010	1
-7.53e-010	2
-7.525e-010	1
-7.52e-010	0
-7.515e-010	0
-7.51e-010	1
-7.505e-010	1
-7.5e-010	0
-7.495e-010	0
-7.49e-010	1
-7.485e-010	4
-7.48e-010	2
-7.475e-010	0
-7.47e-010	2
-7.465e-010	4
-7.46e-010	1
-7.455e-010	0
-7.45e-010	0
-7.445e-010	0
-7.44e-010	1
-7.435e-010	1
-7.43e-010	1
-7.425e-010	1
-7.42e-010	1
-7.415e-010	0
-7.41e-010	0
-7.405e-010	0
-7.4e-010	0
-7.395e-010	1
-7.39e-010	1
-7.385e-010	0
-7.38e-010	4
-7.375e-010	0
-7.37e-010	4
-7.365e-010	3
-7.36e-010	0
-7.355e-010	0
-7.35e-010	1
-7.345e-010	2
-7.34e-010	1
-7.335e-010	0
-7.33e-010	2
-7.325e-010	1
-7.32e-010	0
-7.315e-010	3
-7.31e-010	3
-7.305e-010	3
-7.3e-010	1
-7.295e-010	0
-7.29e-010	2
-7.285e-010	1
-7.28e-010	0
-7.275e-010	1
-7.27e-010	1
-7.265e-010	0
-7.26e-010	1
-7.255e-010	1
-7.25e-010	1
-7.245e-010	0
-7.24e-010	1
-7.235e-010	1
-7.23e-010	1
-7.225e-010	0
-7.22e-010	1
-7.215e-010	1
-7.21e-010	2
-7.205e-010	2
-7.2e-010	1
-7.195e-010	2
-7.19e-010	0
-7.185e-010	0
-7.18e-010	0
-7.175e-010	3
-7.17e-010	0
-7.165e-010	0
-7.16e-010	0
-7.155e-010	0
-7.15e-010	1
-7.145e-010	2
-7.14e-010	0
-7.135e-010	1
-7.13e-010	0
-7.125e-010	3
-7.12e-010	0
-7.115e-010	1
-7.11e-010	0
-7.105e-010	2
-7.1e-010	1
-7.095e-010	1
-7.09e-010	0
-7.085e-010	1
-7.08e-010	0
-7.075e-010	5
-7.07e-010	1
-7.065e-010	3
-7.06e-010	0
-7.055e-010	0
-7.05e-010	0
-7.045e-010	1
-7.04e-010	3
-7.035e-010	0
-7.03e-010	4
-7.025e-010	2
-7.02e-010	1
-7.015e-010	2
-7.01e-010	2
-7.005e-010	1
-7e-010	2
-6.995e-010	2
-6.99e-010	1
-6.985e-010	2
-6.98e-010	0
-6.975e-010	1
-6.97e-010	2
-6.965e-010	1
-6.96e-010	1
-6.955e-010	2
-6.95e-010	2
-6.945e-010	0
-6.94e-010	1
-6.935e-010	1
-6.93e-010	1
-6.925e-010	0
-6.92e-010	2
-6.915e-010	3
-6.91e-010	0
-6.905e-010	0
-6.9e-010	1
-6.895e-010	2
-6.89e-010	0
-6.885e-010	0
-6.88e-010	0
-6.875e-010	0
-6.87e-010	0
-6.865e-010	0
-6.86e-010	1
-6.855e-010	1
-6.85e-010	3
-6.845e-010	0
-6.84e-010	1
-6.835e-010	2
-6.83e-010	3
-6.825e-010	1
-6.82e-010	1
-6.815e-010	3
-6.81e-010	2
-6.805e-010	0
-6.8e-010	2
-6.795e-010	1
-6.79e-010	1
-6.785e-010	2
-6.78e-010	0
-6.775e-010	1
-6.77e-010	0
-6.765e-010	3
-6.76e-010	1
-6.755e-010	0
-6.75e-010	1
-6.745e-010	0
-6.74e-010	2
-6.735e-010	0
-6.73e-010	3
-6.725e-010	1
-6.72e-010	2
-6.715e-010	0
-6.71e-010	0
-6.705e-010	0
-6.7e-010	2
-6.695e-010	0
-6.69e-010	0
-6.685e-010	1
-6.68e-010	1
-6.675e-010	3
-6.67e-010	1
-6.665e-010	1
-6.66e-010	0
-6.655e-010	2
-6.65e-010	1
-6.645e-010	0
-6.64e-010	1
-6.635e-010	1
-6.63e-010	1
-6.625e-010	0
-6.62e-010	1
-6.615e-010	0
-6.61e-010	1
-6.605e-010	1
-6.6e-010	1
-6.595e-010	1
-6.59e-010	1
-6.585e-010	3
-6.58e-010	0
-6.575e-010	1
-6.57e-010	0
-6.565e-010	0
-6.56e-010	1
-6.555e-010	0
-6.55e-010	0
-6.545e-010	0
-6.54e-010	0
-6.535e-010	4
-6.53e-010	0
-6.525e-010	1
-6.52e-010	1
-6.515e-010	0
-6.51e-010	0
-6.505e-010	0
-6.5e-010	1
-6.495e-010	0
-6.49e-010	0
-6.485e-010	0
-6.48e-010	1
-6.475e-010	0
-6.47e-010	0
-6.465e-010	1
-6.46e-010	0
-6.455e-010	1
-6.45e-010	3
-6.445e-010	1
-6.44e-010	0
-6.435e-010	0
-6.43e-010	1
-6.425e-010	0
-6.42e-010	1
-6.415e-010	2
-6.41e-010	3
-6.405e-010	0
-6.4e-010	2
-6.395e-010	2
-6.39e-010	0
-6.385e-010	2
-6.38e-010	0
-6.375e-010	0
-6.37e-010	0
-6.365e-010	4
-6.36e-010	2
-6.355e-010	0
-6.35e-010	1
-6.345e-010	0
-6.34e-010	0
-6.335e-010	1
-6.33e-010	0
-6.325e-010	0
-6.32e-010	0
-6.315e-010	2
-6.31e-010	0
-6.305e-010	0
-6.3e-010	0
-6.295e-010	1
-6.29e-010	0
-6.285e-010	3
-6.28e-010	0
-6.275e-010	1
-6.27e-010	4
-6.265e-010	2
-6.26e-010	1
-6.255e-010	1
-6.25e-010	1
-6.245e-010	1
-6.24e-010	0
-6.235e-010	1
-6.23e-010	1
-6.225e-010	1
-6.22e-010	1
-6.215e-010	0
-6.21e-010	1
-6.205e-010	1
-6.2e-010	2
-6.195e-010	0
-6.19e-010	0
-6.185e-010	0
-6.18e-010	0
-6.175e-010	1
-6.17e-010	2
-6.165e-010	1
-6.16e-010	3
-6.155e-010	2
-6.15e-010	0
-6.145e-010	0
-6.14e-010	2
-6.135e-010	4
-6.13e-010	0
-6.125e-010	1
-6.12e-010	2
-6.115e-010	3
-6.11e-010	0
-6.105e-010	1
-6.1e-010	1
-6.095e-010	3
-6.09e-010	1
-6.085e-010	3
-6.08e-010	1
-6.075e-010	0
-6.07e-010	2
-6.065e-010	0
-6.06e-010	0
-6.055e-010	1
-6.05e-010	3
-6.045e-010	0
-6.04e-010	3
-6.035e-010	2
-6.03e-010	4
-6.025e-010	1
-6.02e-010	0
-6.015e-010	0
-6.01e-010	0
-6.005e-010	2
-6e-010	1
-5.995e-010	1
-5.99e-010	1
-5.985e-010	3
-5.98e-010	1
-5.975e-010	1
-5.97e-010	1
-5.965e-010	2
-5.96e-010	2
-5.955e-010	0
-5.95e-010	1
-5.945e-010	2
-5.94e-010	3
-5.935e-010	0
-5.93e-010	2
-5.925e-010	0
-5.92e-010	1
-5.915e-010	0
-5.91e-010	0
-5.905e-010	1
-5.9e-010	0
-5.895e-010	1
-5.89e-010	0
-5.885e-010	1
-5.88e-010	0
-5.875e-010	3
-5.87e-010	1
-5.865e-010	0
-5.86e-010	3
-5.855e-010	1
-5.85e-010	0
-5.845e-010	0
-5.84e-010	1
-5.835e-010	1
-5.83e-010	1
-5.825e-010	2
-5.82e-010	5
-5.815e-010	2
-5.81e-010	0
-5.805e-010	0
-5.8e-010	0
-5.795e-010	0
-5.79e-010	0
-5.785e-010	0
-5.78e-010	1
-5.775e-010	1
-5.77e-010	1
-5.765e-010	0
-5.76e-010	0
-5.755e-010	1
-5.75e-010	1
-5.745e-010	0
-5.74e-010	0
-5.735e-010	0
-5.73e-010	0
-5.725e-010	3
-5.72e-010	0
-5.715e-010	0
-5.71e-010	1
-5.705e-010	3
-5.7e-010	0
-5.695e-010	0
-5.69e-010	0
-5.685e-010	0
-5.68e-010	1
-5.675e-010	0
-5.67e-010	1
-5.665e-010	2
-5.66e-010	2
-5.655e-010	0
-5.65e-010	1
-5.645e-010	3
-5.64e-010	0
-5.635e-010	2
-5.63e-010	1
-5.625e-010	1
-5.62e-010	2
-5.615e-010	1
-5.61e-010	1
-5.605e-010	1
-5.6e-010	1
-5.595e-010	2
-5.59e-010	1
-5.585e-010	0
-5.58e-010	0
-5.575e-010	2
-5.57e-010	2
-5.565e-010	1
-5.56e-010	0
-5.555e-010	0
-5.55e-010	0
-5.545e-010	0
-5.54e-010	0
-5.535e-010	2
-5.53e-010	0
-5.525e-010	0
-5.52e-010	1
-5.515e-010	0
-5.51e-010	0
-5.505e-010	2
-5.5e-010	1
-5.495e-010	1
-5.49e-010	1
-5.485e-010	5
-5.48e-010	0
-5.475e-010	0
-5.47e-010	1
-5.465e-010	0
-5.46e-010	0
-5.455e-010	1
-5.45e-010	2
-5.445e-010	1
-5.44e-010	1
-5.435e-010	1
-5.43e-010	1
-5.425e-010	0
-5.42e-010	1
-5.415e-010	2
-5.41e-010	1
-5.405e-010	1
-5.4e-010	1
-5.395e-010	0
-5.39e-010	1
-5.385e-010	0
-5.38e-010	2
-5.375e-010	1
-5.37e-010	1
-5.365e-010	1
-5.36e-010	2
-5.355e-010	0
-5.35e-010	1
-5.345e-010	0
-5.34e-010	0
-5.335e-010	0
-5.33e-010	0
-5.325e-010	0
-5.32e-010	0
-5.315e-010	1
-5.31e-010	0
-5.305e-010	2
-5.3e-010	1
-5.295e-010	2
-5.29e-010	0
-5.285e-010	3
-5.28e-010	1
-5.275e-010	1
-5.27e-010	0
-5.265e-010	3
-5.26e-010	2
-5.255e-010	1
-5.25e-010	1
-5.245e-010	2
-5.24e-010	2
-5.235e-010	1
-5.23e-010	0
-5.225e-010	0
-5.22e-010	0
-5.215e-010	0
-5.21e-010	2
-5.205e-010	1
-5.2e-010	1
-5.195e-010	1
-5.19e-010	1
-5.185e-010	1
-5.18e-010	0
-5.175e-010	0
-5.17e-010	1
-5.165e-010	2
-5.16e-010	0
-5.155e-010	0
-5.15e-010	2
-5.145e-010	1
-5.14e-010	0
-5.135e-010	2
-5.13e-010	2
-5.125e-010	2
-5.12e-010	2
-5.115e-010	1
-5.11e-010	0
-5.105e-010	0
-5.1e-010	1
-5.095e-010	1
-5.09e-010	0
-5.085e-010	1
-5.08e-010	0
-5.075e-010	0
-5.07e-010	1
-5.065e-010	0
-5.06e-010	2
-5.055e-010	1
-5.05e-010	2
-5.045e-010	2
-5.04e-010	0
-5.035e-010	1
-5.03e-010	1
-5.025e-010	2
-5.02e-010	0
-5.015e-010	3
-5.01e-010	1
-5.005e-010	0
-5e-010	0
-4.995e-010	1
-4.99e-010	1
-4.985e-010	1
-4.98e-010	1
-4.975e-010	0
-4.97e-010	1
-4.965e-010	2
-4.96e-010	1
-4.955e-010	0
-4.95e-010	0
-4.945e-010	3
-4.94e-010	0
-4.935e-010	1
-4.93e-010	2
-4.925e-010	3
-4.92e-010	1
-4.915e-010	1
-4.91e-010	0
-4.905e-010	0
-4.9e-010	0
-4.895e-010	3
-4.89e-010	0
-4.885e-010	1
-4.88e-010	1
-4.875e-010	1
-4.87e-010	1
-4.865e-010	1
-4.86e-010	0
-4.855e-010	4
-4.85e-010	2
-4.845e-010	1
-4.84e-010	2
-4.835e-010	0
-4.83e-010	0
-4.825e-010	1
-4.82e-010	0
-4.815e-010	1
-4.81e-010	3
-4.805e-010	1
-4.8e-010	1
-4.795e-010	0
-4.79e-010	1
-4.785e-010	0
-4.78e-010	1
-4.775e-010	0
-4.77e-010	1
-4.765e-010	0
-4.76e-010	3
-4.755e-010	3
-4.75e-010	0
-4.745e-010	1
-4.74e-010	0
-4.735e-010	1
-4.73e-010	0
-4.725e-010	0
-4.72e-010	1
-4.715e-010	1
-4.71e-010	0
-4.705e-010	0
-4.7e-010	3
-4.695e-010	1
-4.69e-010	0
-4.685e-010	1
-4.68e-010	0
-4.675e-010	0
-4.67e-010	2
-4.665e-010	1
-4.66e-010	1
-4.655e-010	2
-4.65e-010	0
-4.645e-010	0
-4.64e-010	1
-4.635e-010	1
-4.63e-010	0
-4.625e-010	0
-4.62e-010	3
-4.615e-010	3
-4.61e-010	0
-4.605e-010	4
-4.6e-010	1
-4.595e-010	0
-4.59e-010	2
-4.585e-010	2
-4.58e-010	0
-4.575e-010	0
-4.57e-010	0
-4.565e-010	2
-4.56e-010	1
-4.555e-010	0
-4.55e-010	2
-4.545e-010	0
-4.54e-010	1
-4.535e-010	0
-4.53e-010	0
-4.525e-010	1
-4.52e-010	0
-4.515e-010	1
-4.51e-010	1
-4.505e-010	1
-4.5e-010	0
-4.495e-010	3
-4.49e-010	0
-4.485e-010	4
-4.48e-010	1
-4.475e-010	2
-4.47e-010	4
-4.465e-010	1
-4.46e-010	2
-4.455e-010	1
-4.45e-010	3
-4.445e-010	0
-4.44e-010	0
-4.435e-010	1
-4.43e-010	0
-4.425e-010	0
-4.42e-010	4
-4.415e-010	3
-4.41e-010	0
-4.405e-010	2
-4.4e-010	1
-4.395e-010	3
-4.39e-010	2
-4.385e-010	3
-4.38e-010	6
-4.375e-010	2
-4.37e-010	2
-4.365e-010	3
-4.36e-010	0
-4.355e-010	2
-4.35e-010	1
-4.345e-010	2
-4.34e-010	1
-4.335e-010	3
-4.33e-010	3
-4.325e-010	1
-4.32e-010	2
-4.315e-010	0
-4.31e-010	1
-4.305e-010	3
-4.3e-010	1
-4.295e-010	1
-4.29e-010	1
-4.285e-010	0
-4.28e-010	1
-4.275e-010	3
-4.27e-010	1
-4.265e-010	1
-4.26e-010	2
-4.255e-010	1
-4.25e-010	1
-4.245e-010	2
-4.24e-010	2
-4.235e-010	2
-4.23e-010	1
-4.225e-010	3
-4.22e-010	0
-4.215e-010	3
-4.21e-010	3
-4.205e-010	1
-4.2e-010	5
-4.195e-010	0
-4.19e-010	2
-4.185e-010	1
-4.18e-010	2
-4.175e-010	4
-4.17e-010	0
-4.165e-010	3
-4.16e-010	2
-4.155e-010	5
-4.15e-010	3
-4.145e-010	3
-4.14e-010	1
-4.135e-010	2
-4.13e-010	4
-4.125e-010	3
-4.12e-010	2
-4.115e-010	1
-4.11e-010	2
-4.105e-010	4
-4.1e-010	4
-4.095e-010	4
-4.09e-010	2
-4.085e-010	5
-4.08e-010	4
-4.075e-010	2
-4.07e-010	1
-4.065e-010	3
-4.06e-010	3
-4.055e-010	2
-4.05e-010	3
-4.045e-010	1
-4.04e-010	7
-4.035e-010	5
-4.03e-010	4
-4.025e-010	3
-4.02e-010	3
-4.015e-010	3
-4.01e-010	3
-4.005e-010	2
-4e-010	2
-3.995e-010	4
-3.99e-010	5
-3.985e-010	3
-3.98e-010	4
-3.975e-010	2
-3.97e-010	4
-3.965e-010	5
-3.96e-010	4
-3.955e-010	7
-3.95e-010	2
-3.945e-010	5
-3.94e-010	3
-3.935e-010	6
-3.93e-010	4
-3.925e-010	4
-3.92e-010	2
-3.915e-010	4
-3.91e-010	5
-3.905e-010	2
-3.9e-010	4
-3.895e-010	6
-3.89e-010	3
-3.885e-010	4
-3.88e-010	4
-3.875e-010	6
-3.87e-010	7
-3.865e-010	9
-3.86e-010	2
-3.855e-010	3
-3.85e-010	9
-3.845e-010	5
-3.84e-010	2
-3.835e-010	6
-3.83e-010	10
-3.825e-010	2
-3.82e-010	9
-3.815e-010	9
-3.81e-010	8
-3.805e-010	10
-3.8e-010	6
-3.795e-010	4
-3.79e-010	4
-3.785e-010	5
-3.78e-010	6
-3.775e-010	7
-3.77e-010	3
-3.765e-010	9
-3.76e-010	10
-3.755e-010	8
-3.75e-010	8
-3.745e-010	9
-3.74e-010	11
-3.735e-010	3
-3.73e-010	4
-3.725e-010	8
-3.72e-010	7
-3.715e-010	9
-3.71e-010	11
-3.705e-010	7
-3.7e-010	6
-3.695e-010	2
-3.69e-010	6
-3.685e-010	7
-3.68e-010	4
-3.675e-010	6
-3.67e-010	3
-3.665e-010	7
-3.66e-010	11
-3.655e-010	5
-3.65e-010	7
-3.645e-010	9
-3.64e-010	13
-3.635e-010	11
-3.63e-010	11
-3.625e-010	11
-3.62e-010	8
-3.615e-010	14
-3.61e-010	8
-3.605e-010	6
-3.6e-010	9
-3.595e-010	14
-3.59e-010	15
-3.585e-010	6
-3.58e-010	12
-3.575e-010	9
-3.57e-010	9
-3.565e-010	18
-3.56e-010	9
-3.555e-010	11
-3.55e-010	9
-3.545e-010	14
-3.54e-010	12
-3.535e-010	11
-3.53e-010	10
-3.525e-010	12
-3.52e-010	14
-3.515e-010	18
-3.51e-010	7
-3.505e-010	9
-3.5e-010	12
-3.495e-010	13
-3.49e-010	9
-3.485e-010	9
-3.48e-010	16
-3.475e-010	14
-3.47e-010	10
-3.465e-010	13
-3.46e-010	13
-3.455e-010	15
-3.45e-010	21
-3.445e-010	11
-3.44e-010	6
-3.435e-010	12
-3.43e-010	17
-3.425e-010	18
-3.42e-010	10
-3.415e-010	8
-3.41e-010	13
-3.405e-010	7
-3.4e-010	18
-3.395e-010	17
-3.39e-010	9
-3.385e-010	12
-3.38e-010	14
-3.375e-010	16
-3.37e-010	22
-3.365e-010	20
-3.36e-010	20
-3.355e-010	17
-3.35e-010	21
-3.345e-010	19
-3.34e-010	16
-3.335e-010	17
-3.33e-010	17
-3.325e-010	16
-3.32e-010	12
-3.315e-010	17
-3.31e-010	24
-3.305e-010	11
-3.3e-010	15
-3.295e-010	20
-3.29e-010	14
-3.285e-010	25
-3.28e-010	18
-3.275e-010	14
-3.27e-010	29
-3.265e-010	23
-3.26e-010	28
-3.255e-010	22
-3.25e-010	14
-3.245e-010	13
-3.24e-010	25
-3.235e-010	22
-3.23e-010	28
-3.225e-010	19
-3.22e-010	23
-3.215e-010	21
-3.21e-010	23
-3.205e-010	22
-3.2e-010	23
-3.195e-010	22
-3.19e-010	26
-3.185e-010	26
-3.18e-010	29
-3.175e-010	32
-3.17e-010	17
-3.165e-010	27
-3.16e-010	26
-3.155e-010	16
-3.15e-010	26
-3.145e-010	24
-3.14e-010	21
-3.135e-010	18
-3.13e-010	25
-3.125e-010	22
-3.12e-010	26
-3.115e-010	25
-3.11e-010	21
-3.105e-010	19
-3.1e-010	32
-3.095e-010	38
-3.09e-010	27
-3.085e-010	28
-3.08e-010	39
-3.075e-010	27
-3.07e-010	30
-3.065e-010	30
-3.06e-010	35
-3.055e-010	34
-3.05e-010	34
-3.045e-010	30
-3.04e-010	36
-3.035e-010	25
-3.03e-010	19
-3.025e-010	23
-3.02e-010	31
-3.015e-010	39
-3.01e-010	38
-3.005e-010	31
-3e-010	36
-2.995e-010	32
-2.99e-010	38
-2.985e-010	33
-2.98e-010	32
-2.975e-010	48
-2.97e-010	44
-2.965e-010	30
-2.96e-010	50
-2.955e-010	33
-2.95e-010	47
-2.945e-010	38
-2.94e-010	47
-2.935e-010	42
-2.93e-010	42
-2.925e-010	40
-2.92e-010	53
-2.915e-010	29
-2.91e-010	42
-2.905e-010	53
-2.9e-010	42
-2.895e-010	38
-2.89e-010	42
-2.885e-010	46
-2.88e-010	33
-2.875e-010	49
-2.87e-010	52
-2.865e-010	47
-2.86e-010	45
-2.855e-010	62
-2.85e-010	55
-2.845e-010	42
-2.84e-010	51
-2.835e-010	41
-2.83e-010	42
-2.825e-010	47
-2.82e-010	46
-2.815e-010	56
-2.81e-010	41
-2.805e-010	47
-2.8e-010	45
-2.795e-010	65
-2.79e-010	50
-2.785e-010	51
-2.78e-010	50
-2.775e-010	57
-2.77e-010	64
-2.765e-010	49
-2.76e-010	55
-2.755e-010	73
-2.75e-010	50
-2.745e-010	51
-2.74e-010	60
-2.735e-010	47
-2.73e-010	54
-2.725e-010	51
-2.72e-010	64
-2.715e-010	44
-2.71e-010	45
-2.705e-010	44
-2.7e-010	56
-2.695e-010	70
-2.69e-010	51
-2.685e-010	69
-2.68e-010	54
-2.675e-010	53
-2.67e-010	59
-2.665e-010	72
-2.66e-010	62
-2.655e-010	58
-2.65e-010	57
-2.645e-010	52
-2.64e-010	48
-2.635e-010	50
-2.63e-010	55
-2.625e-010	59
-2.62e-010	57
-2.615e-010	71
-2.61e-010	75
-2.605e-010	72
-2.6e-010	66
-2.595e-010	48
-2.59e-010	64
-2.585e-010	53
-2.58e-010	65
-2.575e-010	46
-2.57e-010	51
-2.565e-010	59
-2.56e-010	72
-2.555e-010	61
-2.55e-010	48
-2.545e-010	52
-2.54e-010	54
-2.535e-010	59
-2.53e-010	62
-2.525e-010	54
-2.52e-010	56
-2.515e-010	48
-2.51e-010	40
-2.505e-010	57
-2.5e-010	59
-2.495e-010	66
-2.49e-010	66
-2.485e-010	57
-2.48e-010	57
-2.475e-010	55
-2.47e-010	61
-2.465e-010	74
-2.46e-010	54
-2.455e-010	58
-2.45e-010	68
-2.445e-010	55
-2.44e-010	68
-2.435e-010	63
-2.43e-010	71
-2.425e-010	54
-2.42e-010	59
-2.415e-010	50
-2.41e-010	57
-2.405e-010	54
-2.4e-010	58
-2.395e-010	50
-2.39e-010	49
-2.385e-010	50
-2.38e-010	65
-2.375e-010	52
-2.37e-010	50
-2.365e-010	53
-2.36e-010	48
-2.355e-010	63
-2.35e-010	51
-2.345e-010	65
-2.34e-010	43
-2.335e-010	44
-2.33e-010	50
-2.325e-010	51
-2.32e-010	39
-2.315e-010	42
-2.31e-010	48
-2.305e-010	47
-2.3e-010	40
-2.295e-010	47
-2.29e-010	46
-2.285e-010	41
-2.28e-010	46
-2.275e-010	35
-2.27e-010	49
-2.265e-010	50
-2.26e-010	44
-2.255e-010	35
-2.25e-010	44
-2.245e-010	41
-2.24e-010	43
-2.235e-010	39
-2.23e-010	36
-2.225e-010	25
-2.22e-010	41
-2.215e-010	42
-2.21e-010	37
-2.205e-010	37
-2.2e-010	37
-2.195e-010	36
-2.19e-010	31
-2.185e-010	32
-2.18e-010	30
-2.175e-010	41
-2.17e-010	27
-2.165e-010	42
-2.16e-010	27
-2.155e-010	31
-2.15e-010	23
-2.145e-010	19
-2.14e-010	29
-2.135e-010	17
-2.13e-010	20
-2.125e-010	17
-2.12e-010	25
-2.115e-010	27
-2.11e-010	21
-2.105e-010	26
-2.1e-010	24
-2.095e-010	23
-2.09e-010	27
-2.085e-010	18
-2.08e-010	24
-2.075e-010	22
-2.07e-010	21
-2.065e-010	20
-2.06e-010	17
-2.055e-010	14
-2.05e-010	18
-2.045e-010	14
-2.04e-010	13
-2.035e-010	11
-2.03e-010	12
-2.025e-010	17
-2.02e-010	18
-2.015e-010	17
-2.01e-010	14
-2.005e-010	7
-2e-010	13
-1.995e-010	11
-1.99e-010	15
-1.985e-010	14
-1.98e-010	10
-1.975e-010	14
-1.97e-010	11
-1.965e-010	13
-1.96e-010	9
-1.955e-010	4
-1.95e-010	13
-1.945e-010	7
-1.94e-010	9
-1.935e-010	6
-1.93e-010	5
-1.925e-010	12
-1.92e-010	6
-1.915e-010	3
-1.91e-010	10
-1.905e-010	3
-1.9e-010	6
-1.895e-010	9
-1.89e-010	9
-1.885e-010	5
-1.88e-010	7
-1.875e-010	4
-1.87e-010	7
-1.865e-010	2
-1.86e-010	3
-1.855e-010	2
-1.85e-010	8
-1.845e-010	4
-1.84e-010	4
-1.835e-010	3
-1.83e-010	1
-1.825e-010	4
-1.82e-010	3
-1.815e-010	2
-1.81e-010	2
-1.805e-010	1
-1.8e-010	3
-1.795e-010	2
-1.79e-010	4
-1.785e-010	0
-1.78e-010	0
-1.775e-010	1
-1.77e-010	1
-1.765e-010	1
-1.76e-010	0
-1.755e-010	3
-1.75e-010	2
-1.745e-010	0
-1.74e-010	3
-1.735e-010	1
-1.73e-010	1
-1.725e-010	0
-1.72e-010	2
-1.715e-010	1
-1.71e-010	2
-1.705e-010	0
-1.7e-010	0
-1.695e-010	0
-1.69e-010	1
-1.685e-010	0
-1.68e-010	1
-1.675e-010	0
-1.67e-010	1
-1.665e-010	0
-1.66e-010	1
-1.655e-010	1
-1.65e-010	0
-1.645e-010	0
-1.64e-010	0
-1.635e-010	0
-1.63e-010	0
-1.625e-010	0
-1.62e-010	0
-1.615e-010	0
-1.61e-010	0
-1.605e-010	1
-1.6e-010	1
-1.595e-010	0
-1.59e-010	0
-1.585e-010	0
-1.58e-010	0
-1.575e-010	0
-1.57e-010	0
-1.565e-010	0
-1.56e-010	0
-1.555e-010	0
-1.55e-010	0
-1.545e-010	0
-1.54e-010	0
-1.535e-010	1
-1.53e-010	0
-1.525e-010	0
-1.52e-010	0
-1.515e-010	0
-1.51e-010	1
-1.505e-010	0
-1.5e-010	0
-1.495e-010	0
-1.49e-010	0
-1.485e-010	0
-1.48e-010	0
-1.475e-010	0
-1.47e-010	0
-1.465e-010	0
-1.46e-010	0
-1.455e-010	0
-1.45e-010	0
-1.445e-010	0
-1.44e-010	0
-1.435e-010	0
-1.43e-010	0
-1.425e-010	0
-1.42e-010	0
-1.415e-010	0
-1.41e-010	0
-1.405e-010	0
-1.4e-010	0
-1.395e-010	0
-1.39e-010	0
-1.385e-010	0
-1.38e-010	0
-1.375e-010	0
-1.37e-010	0
-1.365e-010	0
-1.36e-010	0
-1.355e-010	0
-1.35e-010	0
-1.345e-010	0
-1.34e-010	0
-1.335e-010	0
-1.33e-010	0
-1.325e-010	0
-1.32e-010	0
-1.315e-010	0
-1.31e-010	0
-1.305e-010	0
-1.3e-010	0
-1.295e-010	0
-1.29e-010	0
-1.285e-010	0
-1.28e-010	0
-1.275e-010	0
-1.27e-010	0
-1.265e-010	0
-1.26e-010	1
-1.255e-010	1
-1.25e-010	0
-1.245e-010	0
-1.24e-010	0
-1.235e-010	0
-1.23e-010	0
-1.225e-010	1
-1.22e-010	1
-1.215e-010	0
-1.21e-010	1
-1.205e-010	0
-1.2e-010	0
-1.195e-010	0
-1.19e-010	0
-1.185e-010	0
-1.18e-010	0
-1.175e-010	0
-1.17e-010	0
-1.165e-010	0
-1.16e-010	0
-1.155e-010	1
-1.15e-010	0
-1.145e-010	1
-1.14e-010	0
-1.135e-010	1
-1.13e-010	1
-1.125e-010	0
-1.12e-010	2
-1.115e-010	1
-1.11e-010	0
-1.105e-010	0
-1.1e-010	1
-1.095e-010	2
-1.09e-010	0
-1.085e-010	1
-1.08e-010	0
-1.075e-010	1
-1.07e-010	1
-1.065e-010	3
-1.06e-010	2
-1.055e-010	0
-1.05e-010	4
-1.045e-010	5
-1.04e-010	2
-1.035e-010	2
-1.03e-010	2
-1.025e-010	1
-1.02e-010	5
-1.015e-010	3
-1.01e-010	2
-1.005e-010	1
-1e-010	3
-9.95e-011	8
-9.9e-011	8
-9.85e-011	5
-9.8e-011	8
-9.75e-011	8
-9.7e-011	9
-9.65e-011	6
-9.6e-011	8
-9.55e-011	10
-9.5e-011	7
-9.45e-011	11
-9.4e-011	6
-9.35e-011	11
-9.3e-011	10
-9.25e-011	14
-9.2e-011	19
-9.15e-011	17
-9.1e-011	10
-9.05e-011	20
-9e-011	19
-8.95e-011	16
-8.9e-011	34
-8.85e-011	12
-8.8e-011	24
-8.75e-011	19
-8.7e-011	29
-8.65e-011	22
-8.6e-011	35
-8.55e-011	44
-8.5e-011	39
-8.45e-011	42
-8.4e-011	37
-8.35e-011	38
-8.3e-011	46
-8.25e-011	64
-8.2e-011	44
-8.15e-011	62
-8.1e-011	45
-8.05e-011	68
-8e-011	68
-7.95e-011	66
-7.9e-011	74
-7.85e-011	73
-7.8e-011	69
-7.75e-011	86
-7.7e-011	85
-7.65e-011	89
-7.6e-011	89
-7.55e-011	102
-7.5e-011	99
-7.45e-011	108
-7.4e-011	133
-7.35e-011	145
-7.3e-011	109
-7.25e-011	114
-7.2e-011	151
-7.15e-011	141
-7.1e-011	174
-7.05e-011	178
-7e-011	177
-6.95e-011	168
-6.9e-011	168
-6.85e-011	196
-6.8e-011	212
-6.75e-011	229
-6.7e-011	240
-6.65e-011	215
-6.6e-011	217
-6.55e-011	250
-6.5e-011	282
-6.45e-011	267
-6.4e-011	255
-6.35e-011	281
-6.3e-011	299
-6.25e-011	302
-6.2e-011	308
-6.15e-011	339
-6.1e-011	365
-6.05e-011	357
-6e-011	372
-5.95e-011	383
-5.9e-011	393
-5.85e-011	442
-5.8e-011	427
-5.75e-011	435
-5.7e-011	452
-5.65e-011	465
-5.6e-011	462
-5.55e-011	498
-5.5e-011	527
-5.45e-011	514
-5.4e-011	523
-5.35e-011	580
-5.3e-011	536
-5.25e-011	539
-5.2e-011	621
-5.15e-011	614
-5.1e-011	619
-5.05e-011	683
-5e-011	637
-4.95e-011	669
-4.9e-011	652
-4.85e-011	678
-4.8e-011	702
-4.75e-011	729
-4.7e-011	779
-4.65e-011	693
-4.6e-011	740
-4.55e-011	756
-4.5e-011	768
-4.45e-011	831
-4.4e-011	817
-4.35e-011	819
-4.3e-011	857
-4.25e-011	816
-4.2e-011	835
-4.15e-011	922
-4.1e-011	873
-4.05e-011	828
-4e-011	911
-3.95e-011	855
-3.9e-011	905
-3.85e-011	908
-3.8e-011	915
-3.75e-011	912
-3.7e-011	897
-3.65e-011	946
-3.6e-011	945
-3.55e-011	876
-3.5e-011	997
-3.45e-011	913
-3.4e-011	974
-3.35e-011	1007
-3.3e-011	979
-3.25e-011	943
-3.2e-011	980
-3.15e-011	976
-3.1e-011	976
-3.05e-011	970
-3e-011	1002
-2.95e-011	998
-2.9e-011	922
-2.85e-011	1009
-2.8e-011	954
-2.75e-011	954
-2.7e-011	1042
-2.65e-011	895
-2.6e-011	939
-2.55e-011	902
-2.5e-011	890
-2.45e-011	909
-2.4e-011	964
-2.35e-011	869
-2.3e-011	894
-2.25e-011	871
-2.2e-011	914
-2.15e-011	867
-2.1e-011	893
-2.05e-011	826
-2e-011	822
-1.95e-011	841
-1.9e-011	856
-1.85e-011	831
-1.8e-011	781
-1.75e-011	769
-1.7e-011	787
-1.65e-011	739
-1.6e-011	702
-1.55e-011	675
-1.5e-011	728
-1.45e-011	743
-1.4e-011	697
-1.35e-011	669
-1.3e-011	658
-1.25e-011	570
-1.2e-011	634
-1.15e-011	625
-1.1e-011	608
-1.05e-011	648
-1e-011	582
-9.5e-012	551
-9e-012	509
-8.5e-012	569
-8e-012	515
-7.5e-012	500
-7e-012	467
-6.5e-012	471
-6e-012	485
-5.5e-012	456
-5e-012	450
-4.5e-012	432
-4e-012	422
-3.5e-012	402
-3e-012	345
-2.5e-012	383
-2e-012	319
-1.5e-012	332
-1e-012	331
-5e-013	322
3.2506e-023	301
5e-013	327
1e-012	333
1.5e-012	268
2e-012	265
2.5e-012	257
3e-012	262
3.5e-012	234
4e-012	257
4.5e-012	232
5e-012	229
5.5e-012	192
6e-012	178
6.5e-012	181
7e-012	172
7.5e-012	180
8e-012	153
8.5e-012	149
9e-012	132
9.5e-012	155
1e-011	139
1.05e-011	130
1.1e-011	124
1.15e-011	103
1.2e-011	100
1.25e-011	72
1.3e-011	120
1.35e-011	89
1.4e-011	88
1.45e-011	86
1.5e-011	75
1.55e-011	74
1.6e-011	74
1.65e-011	80
1.7e-011	67
1.75e-011	67
1.8e-011	52
1.85e-011	44
1.9e-011	40
1.95e-011	38
2e-011	43
2.05e-011	42
2.1e-011	47
2.15e-011	39
2.2e-011	29
2.25e-011	22
2.3e-011	27
2.35e-011	28
2.4e-011	32
2.45e-011	26
2.5e-011	12
2.55e-011	26
2.6e-011	21
2.65e-011	19
2.7e-011	11
2.75e-011	14
2.8e-011	23
2.85e-011	12
2.9e-011	10
2.95e-011	14
3e-011	7
3.05e-011	12
3.1e-011	3
3.15e-011	5
3.2e-011	10
3.25e-011	10
3.3e-011	7
3.35e-011	5
3.4e-011	5
3.45e-011	4
3.5e-011	3
3.55e-011	4
3.6e-011	3
3.65e-011	5
3.7e-011	4
3.75e-011	5
3.8e-011	2
3.85e-011	1
3.9e-011	3
3.95e-011	3
4e-011	5
4.05e-011	3
4.1e-011	0
4.15e-011	2
4.2e-011	2
4.25e-011	1
4.3e-011	3
4.35e-011	1
4.4e-011	3
4.45e-011	2
4.5e-011	2
4.55e-011	0
4.6e-011	0
4.65e-011	1
4.7e-011	0
4.75e-011	0
4.8e-011	1
4.85e-011	1
4.9e-011	0
4.95e-011	0
5e-011	1
5.05e-011	0
5.1e-011	0
5.15e-011	0
5.2e-011	0
5.25e-011	1
5.3e-011	0
5.35e-011	0
5.4e-011	0
5.45e-011	0
5.5e-011	1
5.55e-011	0
5.6e-011	0
5.65e-011	0
5.7e-011	0
5.75e-011	0
5.8e-011	0
5.85e-011	0
5.9e-011	0
5.95e-011	1
6e-011	0
6.05e-011	0
6.1e-011	0
6.15e-011	0
6.2e-011	0
6.25e-011	0
6.3e-011	1
6.35e-011	0
6.4e-011	0
6.45e-011	0
6.5e-011	0
6.55e-011	0
6.6e-011	0
6.65e-011	0
6.7e-011	0
6.75e-011	0
6.8e-011	0
6.85e-011	0
6.9e-011	0
6.95e-011	0
7e-011	0
7.05e-011	0
7.1e-011	0
7.15e-011	0
7.2e-011	0
7.25e-011	0
7.3e-011	0
7.35e-011	0
7.4e-011	0
7.45e-011	0
7.5e-011	0
7.55e-011	0
7.6e-011	0
7.65e-011	0
7.7e-011	0
7.75e-011	0
7.8e-011	0
7.85e-011	0
7.9e-011	0
7.95e-011	0
8e-011	0
8.05e-011	0
8.1e-011	0
8.15e-011	0
8.2e-011	0
8.25e-011	0
8.3e-011	0
8.35e-011	0
8.4e-011	0
8.45e-011	0
8.5e-011	0
8.55e-011	0
8.6e-011	0
8.65e-011	0
8.7e-011	0
8.75e-011	0
8.8e-011	0
8.85e-011	0
8.9e-011	0
8.95e-011	0
9e-011	0
9.05e-011	0
9.1e-011	0
9.15e-011	0
9.2e-011	0
9.25e-011	0
9.3e-011	0
9.35e-011	0
9.4e-011	0
9.45e-011	0
9.5e-011	0
9.55e-011	0
9.6e-011	0
9.65e-011	0
9.7e-011	0
9.75e-011	0
9.8e-011	0
9.85e-011	0
9.9e-011	0
9.95e-011	0
1e-010	0
1.005e-010	0
1.01e-010	0
1.015e-010	0
1.02e-010	0
1.025e-010	0
1.03e-010	0
1.035e-010	0
1.04e-010	0
1.045e-010	0
1.05e-010	0
1.055e-010	0
1.06e-010	0
1.065e-010	0
1.07e-010	0
1.075e-010	0
1.08e-010	0
1.085e-010	0
1.09e-010	0
1.095e-010	0
1.1e-010	0
1.105e-010	0
1.11e-010	0
1.115e-010	0
1.12e-010	0
1.125e-010	0
1.13e-010	0
1.135e-010	0
1.14e-010	0
1.145e-010	0
1.15e-010	0
1.155e-010	0
1.16e-010	0
1.165e-010	0
1.17e-010	0
1.175e-010	0
1.18e-010	0
1.185e-010	0
1.19e-010	0
1.195e-010	0
1.2e-010	0
1.205e-010	0
1.21e-010	0
1.215e-010	0
1.22e-010	0
1.225e-010	0
1.23e-010	0
1.235e-010	0
1.24e-010	0
1.245e-010	0
1.25e-010	0
1.255e-010	0
1.26e-010	0
1.265e-010	0
1.27e-010	0
1.275e-010	0
1.28e-010	0
1.285e-010	0
1.29e-010	0
1.295e-010	0
1.3e-010	0
1.305e-010	0
1.31e-010	0
1.315e-010	0
1.32e-010	0
1.325e-010	0
1.33e-010	0
1.335e-010	0
1.34e-010	0
1.345e-010	0
1.35e-010	0
1.355e-010	0
1.36e-010	0
1.365e-010	0
1.37e-010	0
1.375e-010	0
1.38e-010	0
1.385e-010	0
1.39e-010	0
1.395e-010	0
1.4e-010	0
1.405e-010	0
1.41e-010	0
1.415e-010	0
1.42e-010	0
1.425e-010	0
1.43e-010	0
1.435e-010	0
1.44e-010	0
1.445e-010	0
1.45e-010	0
1.455e-010	0
1.46e-010	0
1.465e-010	0
1.47e-010	0
1.475e-010	0
1.48e-010	0
1.485e-010	0
1.49e-010	0
1.495e-010	0
1.5e-010	0
1.505e-010	0
1.51e-010	0
1.515e-010	0
1.52e-010	0
1.525e-010	0
1.53e-010	0
1.535e-010	0
1.54e-010	0
1.545e-010	0
1.55e-010	0
1.555e-010	0
1.56e-010	0
1.565e-010	0
1.57e-010	0
1.575e-010	0
1.58e-010	0
1.585e-010	0
1.59e-010	0
1.595e-010	0
1.6e-010	0
1.605e-010	0
1.61e-010	0
1.615e-010	0
1.62e-010	0
1.625e-010	0
1.63e-010	0
1.635e-010	0
1.64e-010	0
1.645e-010	0
1.65e-010	0
1.655e-010	0
1.66e-010	0
1.665e-010	0
1.67e-010	0
1.675e-010	0
1.68e-010	0
1.685e-010	0
1.69e-010	0
1.695e-010	0
1.7e-010	0
1.705e-010	0
1.71e-010	0
1.715e-010	0
1.72e-010	0
1.725e-010	0
1.73e-010	0
1.735e-010	0
1.74e-010	0
1.745e-010	0
1.75e-010	0
1.755e-010	0
1.76e-010	0
1.765e-010	0
1.77e-010	0
1.775e-010	0
1.78e-010	0
1.785e-010	0
1.79e-010	0
1.795e-010	0
1.8e-010	0
1.805e-010	0
1.81e-010	0
1.815e-010	0
1.82e-010	0
1.825e-010	0
1.83e-010	0
1.835e-010	0
1.84e-010	0
1.845e-010	0
1.85e-010	0
1.855e-010	0
1.86e-010	0
1.865e-010	0
1.87e-010	0
1.875e-010	0
1.88e-010	0
1.885e-010	0
1.89e-010	0
1.895e-010	0
1.9e-010	0
1.905e-010	0
1.91e-010	0
1.915e-010	0
1.92e-010	0
1.925e-010	0
1.93e-010	0
1.935e-010	0
