-1.3e-010	0
-1.299e-010	1
-1.298e-010	2
-1.297e-010	2
-1.296e-010	1
-1.295e-010	3
-1.294e-010	2
-1.293e-010	0
-1.292e-010	1
-1.291e-010	0
-1.29e-010	2
-1.289e-010	1
-1.288e-010	0
-1.287e-010	1
-1.286e-010	2
-1.285e-010	0
-1.284e-010	2
-1.283e-010	0
-1.282e-010	1
-1.281e-010	0
-1.28e-010	1
-1.279e-010	0
-1.278e-010	1
-1.277e-010	2
-1.276e-010	1
-1.275e-010	1
-1.274e-010	0
-1.273e-010	1
-1.272e-010	0
-1.271e-010	0
-1.27e-010	0
-1.269e-010	0
-1.268e-010	2
-1.267e-010	1
-1.266e-010	3
-1.265e-010	1
-1.264e-010	1
-1.263e-010	1
-1.262e-010	1
-1.261e-010	2
-1.26e-010	2
-1.259e-010	0
-1.258e-010	1
-1.257e-010	2
-1.256e-010	1
-1.255e-010	3
-1.254e-010	0
-1.253e-010	1
-1.252e-010	3
-1.251e-010	0
-1.25e-010	0
-1.249e-010	1
-1.248e-010	2
-1.247e-010	1
-1.246e-010	0
-1.245e-010	0
-1.244e-010	1
-1.243e-010	0
-1.242e-010	1
-1.241e-010	0
-1.24e-010	0
-1.239e-010	2
-1.238e-010	1
-1.237e-010	1
-1.236e-010	1
-1.235e-010	2
-1.234e-010	1
-1.233e-010	0
-1.232e-010	2
-1.231e-010	1
-1.23e-010	2
-1.229e-010	1
-1.228e-010	3
-1.227e-010	2
-1.226e-010	1
-1.225e-010	1
-1.224e-010	0
-1.223e-010	1
-1.222e-010	2
-1.221e-010	2
-1.22e-010	0
-1.219e-010	0
-1.218e-010	3
-1.217e-010	0
-1.216e-010	0
-1.215e-010	1
-1.214e-010	1
-1.213e-010	0
-1.212e-010	1
-1.211e-010	0
-1.21e-010	0
-1.209e-010	1
-1.208e-010	0
-1.207e-010	1
-1.206e-010	1
-1.205e-010	0
-1.204e-010	1
-1.203e-010	1
-1.202e-010	2
-1.201e-010	3
-1.2e-010	3
-1.199e-010	0
-1.198e-010	2
-1.197e-010	2
-1.196e-010	2
-1.195e-010	1
-1.194e-010	2
-1.193e-010	2
-1.192e-010	0
-1.191e-010	1
-1.19e-010	2
-1.189e-010	0
-1.188e-010	3
-1.187e-010	0
-1.186e-010	1
-1.185e-010	0
-1.184e-010	1
-1.183e-010	2
-1.182e-010	1
-1.181e-010	1
-1.18e-010	2
-1.179e-010	0
-1.178e-010	1
-1.177e-010	3
-1.176e-010	0
-1.175e-010	1
-1.174e-010	0
-1.173e-010	1
-1.172e-010	3
-1.171e-010	1
-1.17e-010	6
-1.169e-010	1
-1.168e-010	1
-1.167e-010	1
-1.166e-010	2
-1.165e-010	1
-1.164e-010	1
-1.163e-010	2
-1.162e-010	3
-1.161e-010	1
-1.16e-010	1
-1.159e-010	3
-1.158e-010	2
-1.157e-010	0
-1.156e-010	3
-1.155e-010	1
-1.154e-010	0
-1.153e-010	2
-1.152e-010	0
-1.151e-010	2
-1.15e-010	1
-1.149e-010	2
-1.148e-010	3
-1.147e-010	2
-1.146e-010	1
-1.145e-010	1
-1.144e-010	2
-1.143e-010	3
-1.142e-010	2
-1.141e-010	3
-1.14e-010	1
-1.139e-010	2
-1.138e-010	0
-1.137e-010	1
-1.136e-010	2
-1.135e-010	2
-1.134e-010	2
-1.133e-010	2
-1.132e-010	2
-1.131e-010	1
-1.13e-010	0
-1.129e-010	2
-1.128e-010	2
-1.127e-010	0
-1.126e-010	2
-1.125e-010	0
-1.124e-010	0
-1.123e-010	0
-1.122e-010	0
-1.121e-010	0
-1.12e-010	1
-1.119e-010	1
-1.118e-010	1
-1.117e-010	0
-1.116e-010	2
-1.115e-010	1
-1.114e-010	0
-1.113e-010	1
-1.112e-010	1
-1.111e-010	1
-1.11e-010	1
-1.109e-010	2
-1.108e-010	1
-1.107e-010	2
-1.106e-010	1
-1.105e-010	0
-1.104e-010	1
-1.103e-010	2
-1.102e-010	0
-1.101e-010	1
-1.1e-010	5
-1.099e-010	1
-1.098e-010	1
-1.097e-010	1
-1.096e-010	2
-1.095e-010	1
-1.094e-010	2
-1.093e-010	3
-1.092e-010	1
-1.091e-010	2
-1.09e-010	2
-1.089e-010	1
-1.088e-010	1
-1.087e-010	0
-1.086e-010	0
-1.085e-010	0
-1.084e-010	3
-1.083e-010	2
-1.082e-010	1
-1.081e-010	1
-1.08e-010	2
-1.079e-010	4
-1.078e-010	1
-1.077e-010	0
-1.076e-010	1
-1.075e-010	0
-1.074e-010	0
-1.073e-010	1
-1.072e-010	1
-1.071e-010	4
-1.07e-010	1
-1.069e-010	4
-1.068e-010	4
-1.067e-010	1
-1.066e-010	4
-1.065e-010	3
-1.064e-010	3
-1.063e-010	0
-1.062e-010	2
-1.061e-010	1
-1.06e-010	0
-1.059e-010	2
-1.058e-010	2
-1.057e-010	3
-1.056e-010	0
-1.055e-010	3
-1.054e-010	2
-1.053e-010	5
-1.052e-010	1
-1.051e-010	1
-1.05e-010	5
-1.049e-010	1
-1.048e-010	3
-1.047e-010	0
-1.046e-010	0
-1.045e-010	2
-1.044e-010	4
-1.043e-010	3
-1.042e-010	1
-1.041e-010	0
-1.04e-010	1
-1.039e-010	1
-1.038e-010	4
-1.037e-010	1
-1.036e-010	0
-1.035e-010	3
-1.034e-010	0
-1.033e-010	3
-1.032e-010	4
-1.031e-010	1
-1.03e-010	2
-1.029e-010	0
-1.028e-010	7
-1.027e-010	4
-1.026e-010	5
-1.025e-010	2
-1.024e-010	1
-1.023e-010	3
-1.022e-010	1
-1.021e-010	0
-1.02e-010	0
-1.019e-010	0
-1.018e-010	2
-1.017e-010	1
-1.016e-010	3
-1.015e-010	3
-1.014e-010	0
-1.013e-010	3
-1.012e-010	0
-1.011e-010	1
-1.01e-010	2
-1.009e-010	4
-1.008e-010	0
-1.007e-010	3
-1.006e-010	2
-1.005e-010	0
-1.004e-010	2
-1.003e-010	1
-1.002e-010	3
-1.001e-010	0
-1e-010	3
-9.99e-011	1
-9.98e-011	1
-9.97e-011	1
-9.96e-011	0
-9.95e-011	1
-9.94e-011	4
-9.93e-011	3
-9.92e-011	1
-9.91e-011	2
-9.9e-011	3
-9.89e-011	1
-9.88e-011	3
-9.87e-011	0
-9.86e-011	0
-9.85e-011	0
-9.84e-011	2
-9.83e-011	3
-9.82e-011	0
-9.81e-011	2
-9.8e-011	2
-9.79e-011	3
-9.78e-011	1
-9.77e-011	0
-9.76e-011	3
-9.75e-011	6
-9.74e-011	0
-9.73e-011	2
-9.72e-011	0
-9.71e-011	4
-9.7e-011	4
-9.69e-011	0
-9.68e-011	3
-9.67e-011	2
-9.66e-011	1
-9.65e-011	3
-9.64e-011	2
-9.63e-011	2
-9.62e-011	1
-9.61e-011	1
-9.6e-011	3
-9.59e-011	5
-9.58e-011	3
-9.57e-011	1
-9.56e-011	3
-9.55e-011	5
-9.54e-011	1
-9.53e-011	2
-9.52e-011	2
-9.51e-011	3
-9.5e-011	1
-9.49e-011	3
-9.48e-011	1
-9.47e-011	4
-9.46e-011	3
-9.45e-011	7
-9.44e-011	1
-9.43e-011	1
-9.42e-011	2
-9.41e-011	3
-9.4e-011	5
-9.39e-011	4
-9.38e-011	4
-9.37e-011	4
-9.36e-011	2
-9.35e-011	0
-9.34e-011	1
-9.33e-011	4
-9.32e-011	1
-9.31e-011	3
-9.3e-011	1
-9.29e-011	0
-9.28e-011	2
-9.27e-011	3
-9.26e-011	3
-9.25e-011	2
-9.24e-011	1
-9.23e-011	3
-9.22e-011	4
-9.21e-011	0
-9.2e-011	3
-9.19e-011	2
-9.18e-011	3
-9.17e-011	1
-9.16e-011	2
-9.15e-011	4
-9.14e-011	4
-9.13e-011	1
-9.12e-011	2
-9.11e-011	4
-9.1e-011	3
-9.09e-011	2
-9.08e-011	2
-9.07e-011	0
-9.06e-011	6
-9.05e-011	3
-9.04e-011	2
-9.03e-011	2
-9.02e-011	1
-9.01e-011	2
-9e-011	1
-8.99e-011	4
-8.98e-011	2
-8.97e-011	1
-8.96e-011	0
-8.95e-011	2
-8.94e-011	6
-8.93e-011	3
-8.92e-011	6
-8.91e-011	2
-8.9e-011	2
-8.89e-011	0
-8.88e-011	3
-8.87e-011	3
-8.86e-011	4
-8.85e-011	1
-8.84e-011	4
-8.83e-011	3
-8.82e-011	0
-8.81e-011	1
-8.8e-011	2
-8.79e-011	4
-8.78e-011	2
-8.77e-011	2
-8.76e-011	4
-8.75e-011	2
-8.74e-011	4
-8.73e-011	3
-8.72e-011	3
-8.71e-011	2
-8.7e-011	5
-8.69e-011	5
-8.68e-011	1
-8.67e-011	1
-8.66e-011	3
-8.65e-011	5
-8.64e-011	3
-8.63e-011	3
-8.62e-011	1
-8.61e-011	4
-8.6e-011	3
-8.59e-011	2
-8.58e-011	1
-8.57e-011	2
-8.56e-011	7
-8.55e-011	4
-8.54e-011	5
-8.53e-011	2
-8.52e-011	8
-8.51e-011	1
-8.5e-011	5
-8.49e-011	4
-8.48e-011	1
-8.47e-011	3
-8.46e-011	5
-8.45e-011	4
-8.44e-011	5
-8.43e-011	1
-8.42e-011	3
-8.41e-011	4
-8.4e-011	3
-8.39e-011	4
-8.38e-011	4
-8.37e-011	3
-8.36e-011	3
-8.35e-011	2
-8.34e-011	1
-8.33e-011	7
-8.32e-011	6
-8.31e-011	4
-8.3e-011	3
-8.29e-011	3
-8.28e-011	4
-8.27e-011	6
-8.26e-011	2
-8.25e-011	7
-8.24e-011	3
-8.23e-011	2
-8.22e-011	0
-8.21e-011	4
-8.2e-011	5
-8.19e-011	1
-8.18e-011	1
-8.17e-011	4
-8.16e-011	4
-8.15e-011	8
-8.14e-011	8
-8.13e-011	6
-8.12e-011	5
-8.11e-011	7
-8.1e-011	7
-8.09e-011	4
-8.08e-011	2
-8.07e-011	9
-8.06e-011	6
-8.05e-011	4
-8.04e-011	4
-8.03e-011	6
-8.02e-011	5
-8.01e-011	3
-8e-011	7
-7.99e-011	6
-7.98e-011	6
-7.97e-011	3
-7.96e-011	8
-7.95e-011	6
-7.94e-011	3
-7.93e-011	4
-7.92e-011	9
-7.91e-011	3
-7.9e-011	2
-7.89e-011	5
-7.88e-011	4
-7.87e-011	2
-7.86e-011	9
-7.85e-011	9
-7.84e-011	5
-7.83e-011	5
-7.82e-011	5
-7.81e-011	7
-7.8e-011	4
-7.79e-011	4
-7.78e-011	4
-7.77e-011	10
-7.76e-011	6
-7.75e-011	3
-7.74e-011	9
-7.73e-011	6
-7.72e-011	5
-7.71e-011	7
-7.7e-011	5
-7.69e-011	4
-7.68e-011	8
-7.67e-011	3
-7.66e-011	5
-7.65e-011	5
-7.64e-011	9
-7.63e-011	11
-7.62e-011	10
-7.61e-011	7
-7.6e-011	7
-7.59e-011	7
-7.58e-011	6
-7.57e-011	4
-7.56e-011	8
-7.55e-011	4
-7.54e-011	2
-7.53e-011	7
-7.52e-011	6
-7.51e-011	8
-7.5e-011	10
-7.49e-011	10
-7.48e-011	5
-7.47e-011	7
-7.46e-011	6
-7.45e-011	10
-7.44e-011	6
-7.43e-011	8
-7.42e-011	9
-7.41e-011	7
-7.4e-011	10
-7.39e-011	11
-7.38e-011	13
-7.37e-011	9
-7.36e-011	10
-7.35e-011	9
-7.34e-011	11
-7.33e-011	11
-7.32e-011	6
-7.31e-011	6
-7.3e-011	8
-7.29e-011	8
-7.28e-011	11
-7.27e-011	7
-7.26e-011	9
-7.25e-011	8
-7.24e-011	10
-7.23e-011	8
-7.22e-011	6
-7.21e-011	9
-7.2e-011	10
-7.19e-011	11
-7.18e-011	11
-7.17e-011	10
-7.16e-011	11
-7.15e-011	9
-7.14e-011	6
-7.13e-011	10
-7.12e-011	11
-7.11e-011	13
-7.1e-011	13
-7.09e-011	13
-7.08e-011	7
-7.07e-011	10
-7.06e-011	4
-7.05e-011	7
-7.04e-011	6
-7.03e-011	10
-7.02e-011	11
-7.01e-011	15
-7e-011	12
-6.99e-011	13
-6.98e-011	7
-6.97e-011	12
-6.96e-011	16
-6.95e-011	13
-6.94e-011	11
-6.93e-011	7
-6.92e-011	11
-6.91e-011	17
-6.9e-011	8
-6.89e-011	15
-6.88e-011	8
-6.87e-011	12
-6.86e-011	6
-6.85e-011	11
-6.84e-011	12
-6.83e-011	10
-6.82e-011	9
-6.81e-011	7
-6.8e-011	8
-6.79e-011	9
-6.78e-011	9
-6.77e-011	9
-6.76e-011	16
-6.75e-011	12
-6.74e-011	15
-6.73e-011	16
-6.72e-011	12
-6.71e-011	14
-6.7e-011	13
-6.69e-011	14
-6.68e-011	11
-6.67e-011	15
-6.66e-011	18
-6.65e-011	14
-6.64e-011	13
-6.63e-011	11
-6.62e-011	16
-6.61e-011	24
-6.6e-011	21
-6.59e-011	17
-6.58e-011	14
-6.57e-011	19
-6.56e-011	18
-6.55e-011	10
-6.54e-011	16
-6.53e-011	10
-6.52e-011	22
-6.51e-011	15
-6.5e-011	21
-6.49e-011	19
-6.48e-011	18
-6.47e-011	10
-6.46e-011	24
-6.45e-011	17
-6.44e-011	18
-6.43e-011	21
-6.42e-011	19
-6.41e-011	22
-6.4e-011	24
-6.39e-011	23
-6.38e-011	31
-6.37e-011	22
-6.36e-011	32
-6.35e-011	18
-6.34e-011	12
-6.33e-011	19
-6.32e-011	32
-6.31e-011	18
-6.3e-011	17
-6.29e-011	17
-6.28e-011	18
-6.27e-011	26
-6.26e-011	23
-6.25e-011	27
-6.24e-011	20
-6.23e-011	22
-6.22e-011	27
-6.21e-011	19
-6.2e-011	30
-6.19e-011	23
-6.18e-011	22
-6.17e-011	24
-6.16e-011	29
-6.15e-011	21
-6.14e-011	23
-6.13e-011	19
-6.12e-011	30
-6.11e-011	22
-6.1e-011	18
-6.09e-011	18
-6.08e-011	24
-6.07e-011	25
-6.06e-011	31
-6.05e-011	24
-6.04e-011	23
-6.03e-011	35
-6.02e-011	30
-6.01e-011	22
-6e-011	19
-5.99e-011	22
-5.98e-011	29
-5.97e-011	22
-5.96e-011	29
-5.95e-011	28
-5.94e-011	26
-5.93e-011	25
-5.92e-011	24
-5.91e-011	30
-5.9e-011	27
-5.89e-011	35
-5.88e-011	29
-5.87e-011	27
-5.86e-011	33
-5.85e-011	38
-5.84e-011	28
-5.83e-011	33
-5.82e-011	24
-5.81e-011	28
-5.8e-011	23
-5.79e-011	24
-5.78e-011	29
-5.77e-011	32
-5.76e-011	38
-5.75e-011	35
-5.74e-011	34
-5.73e-011	31
-5.72e-011	31
-5.71e-011	36
-5.7e-011	41
-5.69e-011	33
-5.68e-011	33
-5.67e-011	44
-5.66e-011	44
-5.65e-011	30
-5.64e-011	24
-5.63e-011	34
-5.62e-011	32
-5.61e-011	28
-5.6e-011	39
-5.59e-011	29
-5.58e-011	38
-5.57e-011	39
-5.56e-011	43
-5.55e-011	33
-5.54e-011	33
-5.53e-011	29
-5.52e-011	33
-5.51e-011	45
-5.5e-011	35
-5.49e-011	37
-5.48e-011	46
-5.47e-011	38
-5.46e-011	32
-5.45e-011	30
-5.44e-011	35
-5.43e-011	41
-5.42e-011	32
-5.41e-011	29
-5.4e-011	27
-5.39e-011	51
-5.38e-011	29
-5.37e-011	32
-5.36e-011	27
-5.35e-011	39
-5.34e-011	44
-5.33e-011	30
-5.32e-011	38
-5.31e-011	32
-5.3e-011	36
-5.29e-011	34
-5.28e-011	39
-5.27e-011	24
-5.26e-011	32
-5.25e-011	32
-5.24e-011	36
-5.23e-011	52
-5.22e-011	36
-5.21e-011	42
-5.2e-011	36
-5.19e-011	21
-5.18e-011	31
-5.17e-011	30
-5.16e-011	42
-5.15e-011	49
-5.14e-011	38
-5.13e-011	38
-5.12e-011	32
-5.11e-011	40
-5.1e-011	35
-5.09e-011	36
-5.08e-011	31
-5.07e-011	32
-5.06e-011	38
-5.05e-011	32
-5.04e-011	37
-5.03e-011	34
-5.02e-011	40
-5.01e-011	32
-5e-011	38
-4.99e-011	45
-4.98e-011	32
-4.97e-011	30
-4.96e-011	33
-4.95e-011	34
-4.94e-011	37
-4.93e-011	35
-4.92e-011	28
-4.91e-011	36
-4.9e-011	42
-4.89e-011	43
-4.88e-011	45
-4.87e-011	35
-4.86e-011	22
-4.85e-011	22
-4.84e-011	45
-4.83e-011	35
-4.82e-011	34
-4.81e-011	36
-4.8e-011	37
-4.79e-011	21
-4.78e-011	36
-4.77e-011	43
-4.76e-011	23
-4.75e-011	38
-4.74e-011	33
-4.73e-011	34
-4.72e-011	21
-4.71e-011	35
-4.7e-011	46
-4.69e-011	30
-4.68e-011	28
-4.67e-011	23
-4.66e-011	26
-4.65e-011	29
-4.64e-011	28
-4.63e-011	32
-4.62e-011	23
-4.61e-011	18
-4.6e-011	26
-4.59e-011	22
-4.58e-011	27
-4.57e-011	22
-4.56e-011	20
-4.55e-011	24
-4.54e-011	25
-4.53e-011	29
-4.52e-011	30
-4.51e-011	19
-4.5e-011	25
-4.49e-011	14
-4.48e-011	26
-4.47e-011	17
-4.46e-011	15
-4.45e-011	23
-4.44e-011	25
-4.43e-011	26
-4.42e-011	24
-4.41e-011	17
-4.4e-011	24
-4.39e-011	20
-4.38e-011	26
-4.37e-011	21
-4.36e-011	22
-4.35e-011	28
-4.34e-011	29
-4.33e-011	14
-4.32e-011	15
-4.31e-011	22
-4.3e-011	13
-4.29e-011	16
-4.28e-011	9
-4.27e-011	22
-4.26e-011	16
-4.25e-011	18
-4.24e-011	22
-4.23e-011	18
-4.22e-011	16
-4.21e-011	12
-4.2e-011	23
-4.19e-011	13
-4.18e-011	17
-4.17e-011	19
-4.16e-011	11
-4.15e-011	11
-4.14e-011	14
-4.13e-011	16
-4.12e-011	15
-4.11e-011	21
-4.1e-011	9
-4.09e-011	14
-4.08e-011	14
-4.07e-011	15
-4.06e-011	11
-4.05e-011	6
-4.04e-011	10
-4.03e-011	12
-4.02e-011	12
-4.01e-011	9
-4e-011	5
-3.99e-011	12
-3.98e-011	6
-3.97e-011	5
-3.96e-011	4
-3.95e-011	7
-3.94e-011	7
-3.93e-011	9
-3.92e-011	9
-3.91e-011	4
-3.9e-011	7
-3.89e-011	9
-3.88e-011	7
-3.87e-011	9
-3.86e-011	8
-3.85e-011	7
-3.84e-011	5
-3.83e-011	6
-3.82e-011	8
-3.81e-011	9
-3.8e-011	9
-3.79e-011	5
-3.78e-011	4
-3.77e-011	6
-3.76e-011	2
-3.75e-011	5
-3.74e-011	6
-3.73e-011	3
-3.72e-011	4
-3.71e-011	5
-3.7e-011	9
-3.69e-011	2
-3.68e-011	10
-3.67e-011	5
-3.66e-011	6
-3.65e-011	1
-3.64e-011	2
-3.63e-011	6
-3.62e-011	3
-3.61e-011	4
-3.6e-011	2
-3.59e-011	2
-3.58e-011	5
-3.57e-011	3
-3.56e-011	7
-3.55e-011	3
-3.54e-011	0
-3.53e-011	5
-3.52e-011	1
-3.51e-011	4
-3.5e-011	2
-3.49e-011	1
-3.48e-011	6
-3.47e-011	3
-3.46e-011	6
-3.45e-011	3
-3.44e-011	2
-3.43e-011	2
-3.42e-011	3
-3.41e-011	3
-3.4e-011	3
-3.39e-011	1
-3.38e-011	1
-3.37e-011	1
-3.36e-011	0
-3.35e-011	2
-3.34e-011	1
-3.33e-011	3
-3.32e-011	0
-3.31e-011	2
-3.3e-011	2
-3.29e-011	0
-3.28e-011	4
-3.27e-011	2
-3.26e-011	5
-3.25e-011	1
-3.24e-011	1
-3.23e-011	1
-3.22e-011	1
-3.21e-011	1
-3.2e-011	1
-3.19e-011	3
-3.18e-011	2
-3.17e-011	5
-3.16e-011	4
-3.15e-011	2
-3.14e-011	7
-3.13e-011	3
-3.12e-011	5
-3.11e-011	2
-3.1e-011	10
-3.09e-011	3
-3.08e-011	2
-3.07e-011	6
-3.06e-011	4
-3.05e-011	1
-3.04e-011	4
-3.03e-011	2
-3.02e-011	2
-3.01e-011	3
-3e-011	2
-2.99e-011	6
-2.98e-011	2
-2.97e-011	9
-2.96e-011	8
-2.95e-011	4
-2.94e-011	9
-2.93e-011	5
-2.92e-011	6
-2.91e-011	7
-2.9e-011	8
-2.89e-011	6
-2.88e-011	4
-2.87e-011	9
-2.86e-011	16
-2.85e-011	7
-2.84e-011	9
-2.83e-011	18
-2.82e-011	12
-2.81e-011	9
-2.8e-011	14
-2.79e-011	15
-2.78e-011	15
-2.77e-011	19
-2.76e-011	10
-2.75e-011	14
-2.74e-011	20
-2.73e-011	13
-2.72e-011	15
-2.71e-011	11
-2.7e-011	20
-2.69e-011	22
-2.68e-011	23
-2.67e-011	30
-2.66e-011	22
-2.65e-011	32
-2.64e-011	19
-2.63e-011	24
-2.62e-011	18
-2.61e-011	32
-2.6e-011	26
-2.59e-011	21
-2.58e-011	32
-2.57e-011	34
-2.56e-011	39
-2.55e-011	29
-2.54e-011	38
-2.53e-011	40
-2.52e-011	30
-2.51e-011	54
-2.5e-011	37
-2.49e-011	52
-2.48e-011	43
-2.47e-011	50
-2.46e-011	58
-2.45e-011	56
-2.44e-011	53
-2.43e-011	53
-2.42e-011	77
-2.41e-011	59
-2.4e-011	63
-2.39e-011	69
-2.38e-011	66
-2.37e-011	69
-2.36e-011	80
-2.35e-011	81
-2.34e-011	77
-2.33e-011	74
-2.32e-011	69
-2.31e-011	98
-2.3e-011	97
-2.29e-011	100
-2.28e-011	86
-2.27e-011	100
-2.26e-011	104
-2.25e-011	110
-2.24e-011	98
-2.23e-011	127
-2.22e-011	124
-2.21e-011	116
-2.2e-011	120
-2.19e-011	134
-2.18e-011	122
-2.17e-011	125
-2.16e-011	134
-2.15e-011	142
-2.14e-011	148
-2.13e-011	142
-2.12e-011	159
-2.11e-011	184
-2.1e-011	162
-2.09e-011	166
-2.08e-011	158
-2.07e-011	189
-2.06e-011	201
-2.05e-011	214
-2.04e-011	193
-2.03e-011	213
-2.02e-011	207
-2.01e-011	224
-2e-011	221
-1.99e-011	257
-1.98e-011	246
-1.97e-011	276
-1.96e-011	242
-1.95e-011	254
-1.94e-011	268
-1.93e-011	265
-1.92e-011	301
-1.91e-011	275
-1.9e-011	285
-1.89e-011	314
-1.88e-011	322
-1.87e-011	324
-1.86e-011	278
-1.85e-011	354
-1.84e-011	358
-1.83e-011	355
-1.82e-011	374
-1.81e-011	329
-1.8e-011	384
-1.79e-011	398
-1.78e-011	395
-1.77e-011	411
-1.76e-011	412
-1.75e-011	385
-1.74e-011	427
-1.73e-011	382
-1.72e-011	444
-1.71e-011	408
-1.7e-011	448
-1.69e-011	488
-1.68e-011	512
-1.67e-011	444
-1.66e-011	473
-1.65e-011	496
-1.64e-011	485
-1.63e-011	486
-1.62e-011	531
-1.61e-011	526
-1.6e-011	542
-1.59e-011	571
-1.58e-011	551
-1.57e-011	550
-1.56e-011	558
-1.55e-011	574
-1.54e-011	626
-1.53e-011	620
-1.52e-011	586
-1.51e-011	620
-1.5e-011	622
-1.49e-011	651
-1.48e-011	672
-1.47e-011	654
-1.46e-011	624
-1.45e-011	691
-1.44e-011	707
-1.43e-011	711
-1.42e-011	711
-1.41e-011	724
-1.4e-011	719
-1.39e-011	737
-1.38e-011	777
-1.37e-011	732
-1.36e-011	746
-1.35e-011	763
-1.34e-011	763
-1.33e-011	781
-1.32e-011	748
-1.31e-011	786
-1.3e-011	798
-1.29e-011	809
-1.28e-011	820
-1.27e-011	888
-1.26e-011	834
-1.25e-011	830
-1.24e-011	828
-1.23e-011	886
-1.22e-011	862
-1.21e-011	907
-1.2e-011	861
-1.19e-011	878
-1.18e-011	877
-1.17e-011	893
-1.16e-011	870
-1.15e-011	968
-1.14e-011	930
-1.13e-011	893
-1.12e-011	907
-1.11e-011	894
-1.1e-011	905
-1.09e-011	936
-1.08e-011	888
-1.07e-011	901
-1.06e-011	972
-1.05e-011	944
-1.04e-011	950
-1.03e-011	973
-1.02e-011	991
-1.01e-011	975
-1e-011	988
-9.9e-012	981
-9.8e-012	991
-9.7e-012	1003
-9.6e-012	995
-9.5e-012	985
-9.4e-012	966
-9.3e-012	949
-9.2e-012	936
-9.1e-012	934
-9e-012	977
-8.9e-012	971
-8.8e-012	938
-8.7e-012	991
-8.6e-012	970
-8.5e-012	955
-8.4e-012	972
-8.3e-012	984
-8.2e-012	981
-8.1e-012	911
-8e-012	968
-7.9e-012	956
-7.8e-012	934
-7.7e-012	1015
-7.6e-012	918
-7.5e-012	972
-7.4e-012	958
-7.3e-012	931
-7.2e-012	930
-7.1e-012	885
-7e-012	899
-6.9e-012	953
-6.8e-012	950
-6.7e-012	886
-6.6e-012	917
-6.5e-012	932
-6.4e-012	882
-6.3e-012	870
-6.2e-012	821
-6.1e-012	901
-6e-012	870
-5.9e-012	822
-5.8e-012	864
-5.7e-012	833
-5.6e-012	874
-5.5e-012	847
-5.4e-012	808
-5.3e-012	820
-5.2e-012	799
-5.1e-012	816
-5e-012	795
-4.9e-012	742
-4.8e-012	792
-4.7e-012	848
-4.6e-012	770
-4.5e-012	756
-4.4e-012	701
-4.3e-012	686
-4.2e-012	729
-4.1e-012	735
-4e-012	722
-3.9e-012	713
-3.8e-012	710
-3.7e-012	638
-3.6e-012	683
-3.5e-012	675
-3.4e-012	651
-3.3e-012	651
-3.2e-012	615
-3.1e-012	633
-3e-012	596
-2.9e-012	688
-2.8e-012	564
-2.7e-012	544
-2.6e-012	584
-2.5e-012	568
-2.4e-012	562
-2.3e-012	535
-2.2e-012	481
-2.1e-012	582
-2e-012	501
-1.9e-012	465
-1.8e-012	535
-1.7e-012	507
-1.6e-012	508
-1.5e-012	479
-1.4e-012	475
-1.3e-012	450
-1.2e-012	436
-1.1e-012	415
-1e-012	434
-9e-013	404
-8e-013	441
-7e-013	410
-6e-013	455
-5e-013	370
-4e-013	355
-3e-013	395
-2e-013	374
-1e-013	368
3.2215e-024	367
1e-013	373
2e-013	311
3e-013	327
4e-013	334
5e-013	324
6e-013	314
7e-013	293
8e-013	281
9e-013	271
1e-012	275
1.1e-012	259
1.2e-012	267
1.3e-012	260
1.4e-012	255
1.5e-012	261
1.6e-012	252
1.7e-012	246
1.8e-012	212
1.9e-012	215
2e-012	226
2.1e-012	210
2.2e-012	213
2.3e-012	200
2.4e-012	205
2.5e-012	218
2.6e-012	179
2.7e-012	172
2.8e-012	179
2.9e-012	159
3e-012	167
3.1e-012	170
3.2e-012	177
3.3e-012	141
3.4e-012	154
3.5e-012	140
3.6e-012	128
3.7e-012	135
3.8e-012	131
3.9e-012	135
4e-012	121
4.1e-012	125
4.2e-012	115
4.3e-012	108
4.4e-012	116
4.5e-012	103
4.6e-012	116
4.7e-012	90
4.8e-012	81
4.9e-012	96
5e-012	76
5.1e-012	75
5.2e-012	88
5.3e-012	83
5.4e-012	83
5.5e-012	83
5.6e-012	69
5.7e-012	74
5.8e-012	68
5.9e-012	73
6e-012	57
6.1e-012	59
6.2e-012	65
6.3e-012	50
6.4e-012	40
6.5e-012	39
6.6e-012	55
6.7e-012	47
6.8e-012	51
6.9e-012	53
7e-012	40
7.1e-012	33
7.2e-012	28
7.3e-012	35
7.4e-012	24
7.5e-012	35
7.6e-012	39
7.7e-012	31
7.8e-012	34
7.9e-012	16
8e-012	29
8.1e-012	34
8.2e-012	25
8.3e-012	19
8.4e-012	32
8.5e-012	18
8.6e-012	20
8.7e-012	16
8.8e-012	20
8.9e-012	17
9e-012	16
9.1e-012	17
9.2e-012	10
9.3e-012	20
9.4e-012	15
9.5e-012	12
9.6e-012	8
9.7e-012	18
9.8e-012	9
9.9e-012	11
1e-011	8
1.01e-011	12
1.02e-011	12
1.03e-011	13
1.04e-011	14
1.05e-011	9
1.06e-011	5
1.07e-011	10
1.08e-011	10
1.09e-011	9
1.1e-011	8
1.11e-011	7
1.12e-011	5
1.13e-011	10
1.14e-011	6
1.15e-011	7
1.16e-011	9
1.17e-011	6
1.18e-011	6
1.19e-011	7
1.2e-011	5
1.21e-011	4
1.22e-011	2
1.23e-011	7
1.24e-011	5
1.25e-011	3
1.26e-011	5
1.27e-011	4
1.28e-011	1
1.29e-011	2
1.3e-011	7
1.31e-011	1
1.32e-011	2
1.33e-011	2
1.34e-011	3
1.35e-011	0
1.36e-011	2
1.37e-011	2
1.38e-011	3
1.39e-011	0
1.4e-011	0
1.41e-011	0
1.42e-011	2
1.43e-011	0
1.44e-011	3
1.45e-011	1
1.46e-011	0
1.47e-011	2
1.48e-011	0
1.49e-011	0
1.5e-011	1
1.51e-011	1
1.52e-011	0
1.53e-011	0
1.54e-011	4
1.55e-011	0
1.56e-011	1
1.57e-011	1
1.58e-011	2
1.59e-011	0
1.6e-011	0
1.61e-011	0
1.62e-011	0
1.63e-011	1
1.64e-011	1
1.65e-011	0
1.66e-011	0
1.67e-011	0
1.68e-011	0
1.69e-011	1
1.7e-011	0
1.71e-011	0
1.72e-011	0
1.73e-011	0
1.74e-011	0
1.75e-011	0
1.76e-011	1
1.77e-011	0
1.78e-011	0
1.79e-011	0
1.8e-011	0
1.81e-011	0
1.82e-011	0
1.83e-011	0
1.84e-011	0
1.85e-011	0
1.86e-011	0
1.87e-011	0
1.88e-011	0
1.89e-011	0
1.9e-011	0
1.91e-011	0
1.92e-011	0
1.93e-011	0
1.94e-011	0
1.95e-011	0
1.96e-011	0
1.97e-011	0
1.98e-011	0
1.99e-011	0
2e-011	0
2.01e-011	0
2.02e-011	0
2.03e-011	0
2.04e-011	0
2.05e-011	0
2.06e-011	0
2.07e-011	0
2.08e-011	0
2.09e-011	0
2.1e-011	0
2.11e-011	0
2.12e-011	0
2.13e-011	0
2.14e-011	0
2.15e-011	0
2.16e-011	0
2.17e-011	0
2.18e-011	0
2.19e-011	0
2.2e-011	0
2.21e-011	0
2.22e-011	0
2.23e-011	0
2.24e-011	0
2.25e-011	0
2.26e-011	0
2.27e-011	0
2.28e-011	0
2.29e-011	0
2.3e-011	0
2.31e-011	0
2.32e-011	0
2.33e-011	0
2.34e-011	0
2.35e-011	0
2.36e-011	0
2.37e-011	0
2.38e-011	0
2.39e-011	0
2.4e-011	0
2.41e-011	0
2.42e-011	0
2.43e-011	0
2.44e-011	0
2.45e-011	0
2.46e-011	0
2.47e-011	0
2.48e-011	0
2.49e-011	0
2.5e-011	0
2.51e-011	1
2.52e-011	0
2.53e-011	0
2.54e-011	0
2.55e-011	0
2.56e-011	0
2.57e-011	0
2.58e-011	0
2.59e-011	0
2.6e-011	0
2.61e-011	0
2.62e-011	0
2.63e-011	0
2.64e-011	0
2.65e-011	0
2.66e-011	0
2.67e-011	0
2.68e-011	0
2.69e-011	0
2.7e-011	0
2.71e-011	0
2.72e-011	0
2.73e-011	0
2.74e-011	0
2.75e-011	0
2.76e-011	0
2.77e-011	0
2.78e-011	0
2.79e-011	0
2.8e-011	0
2.81e-011	0
2.82e-011	0
2.83e-011	0
2.84e-011	0
2.85e-011	0
2.86e-011	0
2.87e-011	0
2.88e-011	0
2.89e-011	0
2.9e-011	0
2.91e-011	0
2.92e-011	0
2.93e-011	0
2.94e-011	0
2.95e-011	0
2.96e-011	0
2.97e-011	0
2.98e-011	0
2.99e-011	0
3e-011	0
3.01e-011	0
3.02e-011	0
3.03e-011	0
3.04e-011	0
3.05e-011	0
3.06e-011	0
3.07e-011	0
3.08e-011	0
3.09e-011	0
3.1e-011	0
3.11e-011	0
3.12e-011	0
3.13e-011	0
3.14e-011	0
3.15e-011	0
3.16e-011	0
3.17e-011	0
3.18e-011	0
3.19e-011	0
3.2e-011	0
3.21e-011	0
3.22e-011	0
3.23e-011	0
3.24e-011	0
3.25e-011	0
3.26e-011	0
3.27e-011	0
3.28e-011	0
3.29e-011	0
3.3e-011	0
3.31e-011	0
3.32e-011	0
3.33e-011	0
3.34e-011	0
3.35e-011	0
3.36e-011	0
3.37e-011	0
3.38e-011	0
3.39e-011	0
3.4e-011	0
3.41e-011	0
3.42e-011	0
3.43e-011	0
3.44e-011	0
3.45e-011	0
3.46e-011	0
3.47e-011	0
3.48e-011	0
3.49e-011	0
3.5e-011	0
3.51e-011	0
3.52e-011	0
3.53e-011	0
3.54e-011	0
3.55e-011	0
3.56e-011	0
3.57e-011	0
3.58e-011	0
3.59e-011	0
3.6e-011	0
3.61e-011	0
3.62e-011	0
3.63e-011	0
3.64e-011	0
3.65e-011	0
3.66e-011	0
3.67e-011	0
3.68e-011	0
3.69e-011	0
3.7e-011	0
3.71e-011	0
3.72e-011	0
3.73e-011	0
3.74e-011	0
3.75e-011	0
3.76e-011	0
3.77e-011	0
3.78e-011	0
3.79e-011	0
3.8e-011	0
3.81e-011	0
3.82e-011	0
3.83e-011	0
3.84e-011	0
3.85e-011	0
3.86e-011	0
3.87e-011	0
3.88e-011	0
3.89e-011	0
3.9e-011	0
3.91e-011	0
3.92e-011	0
3.93e-011	0
3.94e-011	0
3.95e-011	0
3.96e-011	0
3.97e-011	0
3.98e-011	0
3.99e-011	0
4e-011	0
4.01e-011	0
4.02e-011	0
4.03e-011	0
4.04e-011	0
4.05e-011	0
4.06e-011	0
4.07e-011	0
4.08e-011	0
4.09e-011	0
4.1e-011	0
4.11e-011	0
4.12e-011	0
4.13e-011	0
4.14e-011	0
4.15e-011	0
4.16e-011	0
4.17e-011	0
4.18e-011	0
4.19e-011	0
4.2e-011	0
4.21e-011	0
4.22e-011	0
4.23e-011	0
4.24e-011	0
4.25e-011	0
4.26e-011	0
4.27e-011	0
4.28e-011	0
4.29e-011	0
4.3e-011	0
4.31e-011	0
4.32e-011	0
4.33e-011	0
4.34e-011	0
4.35e-011	0
4.36e-011	0
4.37e-011	0
4.38e-011	0
4.39e-011	0
4.4e-011	0
4.41e-011	0
4.42e-011	0
4.43e-011	0
4.44e-011	0
4.45e-011	0
4.46e-011	0
4.47e-011	0
4.48e-011	0
4.49e-011	0
4.5e-011	0
4.51e-011	0
4.52e-011	0
4.53e-011	0
4.54e-011	0
4.55e-011	0
4.56e-011	0
4.57e-011	0
4.58e-011	0
4.59e-011	0
4.6e-011	0
4.61e-011	0
4.62e-011	0
4.63e-011	0
4.64e-011	0
4.65e-011	0
4.66e-011	0
4.67e-011	0
4.68e-011	0
4.69e-011	0
4.7e-011	0
4.71e-011	0
4.72e-011	0
4.73e-011	0
4.74e-011	0
4.75e-011	0
4.76e-011	0
4.77e-011	0
4.78e-011	0
4.79e-011	0
4.8e-011	0
4.81e-011	0
4.82e-011	0
4.83e-011	0
4.84e-011	0
4.85e-011	0
4.86e-011	0
4.87e-011	0
4.88e-011	0
4.89e-011	0
4.9e-011	0
4.91e-011	0
4.92e-011	0
4.93e-011	0
4.94e-011	0
4.95e-011	0
4.96e-011	0
4.97e-011	0
4.98e-011	0
4.99e-011	0
5e-011	0
5.01e-011	0
5.02e-011	0
5.03e-011	0
5.04e-011	0
5.05e-011	0
5.06e-011	0
5.07e-011	0
5.08e-011	0
5.09e-011	0
5.1e-011	0
5.11e-011	0
5.12e-011	0
5.13e-011	0
5.14e-011	0
5.15e-011	0
5.16e-011	0
5.17e-011	0
5.18e-011	0
5.19e-011	0
5.2e-011	0
5.21e-011	0
5.22e-011	0
5.23e-011	0
5.24e-011	0
5.25e-011	0
5.26e-011	0
5.27e-011	0
5.28e-011	0
5.29e-011	0
5.3e-011	0
5.31e-011	0
5.32e-011	0
5.33e-011	0
5.34e-011	0
5.35e-011	0
5.36e-011	0
5.37e-011	0
5.38e-011	0
5.39e-011	0
5.4e-011	0
5.41e-011	0
5.42e-011	0
5.43e-011	0
5.44e-011	0
5.45e-011	0
5.46e-011	0
5.47e-011	0
5.48e-011	0
5.49e-011	0
5.5e-011	0
5.51e-011	0
5.52e-011	0
5.53e-011	0
5.54e-011	0
5.55e-011	0
5.56e-011	0
5.57e-011	0
5.58e-011	0
5.59e-011	0
5.6e-011	0
5.61e-011	0
5.62e-011	0
5.63e-011	0
5.64e-011	0
5.65e-011	0
5.66e-011	0
5.67e-011	0
5.68e-011	0
5.69e-011	0
5.7e-011	0
5.71e-011	0
5.72e-011	0
5.73e-011	0
5.74e-011	0
5.75e-011	0
5.76e-011	0
5.77e-011	0
5.78e-011	0
5.79e-011	0
5.8e-011	0
5.81e-011	0
5.82e-011	0
5.83e-011	0
5.84e-011	0
5.85e-011	0
5.86e-011	0
5.87e-011	0
5.88e-011	0
5.89e-011	0
5.9e-011	0
5.91e-011	0
5.92e-011	0
5.93e-011	0
5.94e-011	0
5.95e-011	0
5.96e-011	0
5.97e-011	0
5.98e-011	0
5.99e-011	0
6e-011	0
6.01e-011	0
6.02e-011	0
6.03e-011	0
6.04e-011	0
6.05e-011	0
6.06e-011	0
6.07e-011	0
6.08e-011	0
6.09e-011	0
6.1e-011	0
6.11e-011	0
6.12e-011	0
6.13e-011	0
6.14e-011	0
6.15e-011	0
6.16e-011	0
6.17e-011	0
6.18e-011	0
6.19e-011	0
6.2e-011	0
6.21e-011	0
6.22e-011	0
6.23e-011	0
6.24e-011	0
6.25e-011	0
6.26e-011	0
6.27e-011	0
6.28e-011	0
6.29e-011	0
6.3e-011	0
6.31e-011	0
6.32e-011	0
6.33e-011	0
6.34e-011	0
6.35e-011	0
6.36e-011	0
6.37e-011	0
6.38e-011	0
6.39e-011	0
6.4e-011	0
6.41e-011	0
6.42e-011	0
6.43e-011	0
6.44e-011	0
6.45e-011	0
6.46e-011	0
6.47e-011	0
6.48e-011	0
6.49e-011	0
6.5e-011	0
6.51e-011	0
6.52e-011	0
6.53e-011	0
6.54e-011	0
6.55e-011	0
6.56e-011	0
6.57e-011	0
6.58e-011	0
6.59e-011	0
6.6e-011	0
6.61e-011	0
6.62e-011	0
6.63e-011	0
6.64e-011	0
6.65e-011	0
6.66e-011	0
6.67e-011	0
6.68e-011	0
6.69e-011	0
6.7e-011	0
6.71e-011	0
6.72e-011	0
6.73e-011	0
6.74e-011	0
6.75e-011	0
6.76e-011	0
6.77e-011	0
6.78e-011	0
6.79e-011	0
6.8e-011	0
6.81e-011	0
6.82e-011	0
6.83e-011	0
6.84e-011	0
6.85e-011	0
6.86e-011	0
6.87e-011	0
6.88e-011	0
6.89e-011	0
6.9e-011	0
6.91e-011	0
6.92e-011	0
6.93e-011	0
6.94e-011	0
6.95e-011	0
6.96e-011	0
6.97e-011	0
6.98e-011	0
6.99e-011	0
