-4.61e-010	1
-4.6075e-010	1
-4.605e-010	0
-4.6025e-010	2
-4.6e-010	1
-4.5975e-010	0
-4.595e-010	1
-4.5925e-010	1
-4.59e-010	0
-4.5875e-010	2
-4.585e-010	3
-4.5825e-010	2
-4.58e-010	3
-4.5775e-010	1
-4.575e-010	1
-4.5725e-010	2
-4.57e-010	0
-4.5675e-010	2
-4.565e-010	1
-4.5625e-010	2
-4.56e-010	1
-4.5575e-010	0
-4.555e-010	2
-4.5525e-010	3
-4.55e-010	5
-4.5475e-010	0
-4.545e-010	0
-4.5425e-010	0
-4.54e-010	0
-4.5375e-010	1
-4.535e-010	2
-4.5325e-010	1
-4.53e-010	0
-4.5275e-010	1
-4.525e-010	1
-4.5225e-010	0
-4.52e-010	2
-4.5175e-010	1
-4.515e-010	0
-4.5125e-010	1
-4.51e-010	2
-4.5075e-010	2
-4.505e-010	0
-4.5025e-010	2
-4.5e-010	3
-4.4975e-010	0
-4.495e-010	2
-4.4925e-010	3
-4.49e-010	0
-4.4875e-010	4
-4.485e-010	0
-4.4825e-010	1
-4.48e-010	0
-4.4775e-010	1
-4.475e-010	2
-4.4725e-010	4
-4.47e-010	1
-4.4675e-010	2
-4.465e-010	4
-4.4625e-010	2
-4.46e-010	1
-4.4575e-010	0
-4.455e-010	4
-4.4525e-010	1
-4.45e-010	2
-4.4475e-010	2
-4.445e-010	1
-4.4425e-010	1
-4.44e-010	1
-4.4375e-010	2
-4.435e-010	1
-4.4325e-010	0
-4.43e-010	1
-4.4275e-010	0
-4.425e-010	2
-4.4225e-010	0
-4.42e-010	1
-4.4175e-010	2
-4.415e-010	3
-4.4125e-010	0
-4.41e-010	0
-4.4075e-010	0
-4.405e-010	0
-4.4025e-010	1
-4.4e-010	2
-4.3975e-010	1
-4.395e-010	0
-4.3925e-010	1
-4.39e-010	2
-4.3875e-010	2
-4.385e-010	0
-4.3825e-010	1
-4.38e-010	2
-4.3775e-010	0
-4.375e-010	1
-4.3725e-010	0
-4.37e-010	1
-4.3675e-010	3
-4.365e-010	2
-4.3625e-010	1
-4.36e-010	1
-4.3575e-010	1
-4.355e-010	1
-4.3525e-010	2
-4.35e-010	1
-4.3475e-010	0
-4.345e-010	3
-4.3425e-010	1
-4.34e-010	4
-4.3375e-010	1
-4.335e-010	1
-4.3325e-010	0
-4.33e-010	1
-4.3275e-010	1
-4.325e-010	0
-4.3225e-010	0
-4.32e-010	0
-4.3175e-010	0
-4.315e-010	1
-4.3125e-010	2
-4.31e-010	0
-4.3075e-010	1
-4.305e-010	1
-4.3025e-010	2
-4.3e-010	0
-4.2975e-010	1
-4.295e-010	0
-4.2925e-010	4
-4.29e-010	2
-4.2875e-010	2
-4.285e-010	1
-4.2825e-010	2
-4.28e-010	1
-4.2775e-010	0
-4.275e-010	3
-4.2725e-010	1
-4.27e-010	3
-4.2675e-010	1
-4.265e-010	2
-4.2625e-010	1
-4.26e-010	2
-4.2575e-010	0
-4.255e-010	3
-4.2525e-010	1
-4.25e-010	3
-4.2475e-010	2
-4.245e-010	1
-4.2425e-010	2
-4.24e-010	2
-4.2375e-010	1
-4.235e-010	1
-4.2325e-010	1
-4.23e-010	2
-4.2275e-010	1
-4.225e-010	1
-4.2225e-010	1
-4.22e-010	0
-4.2175e-010	1
-4.215e-010	0
-4.2125e-010	2
-4.21e-010	2
-4.2075e-010	1
-4.205e-010	0
-4.2025e-010	2
-4.2e-010	1
-4.1975e-010	1
-4.195e-010	3
-4.1925e-010	4
-4.19e-010	0
-4.1875e-010	1
-4.185e-010	2
-4.1825e-010	1
-4.18e-010	2
-4.1775e-010	1
-4.175e-010	0
-4.1725e-010	0
-4.17e-010	2
-4.1675e-010	2
-4.165e-010	3
-4.1625e-010	1
-4.16e-010	1
-4.1575e-010	4
-4.155e-010	1
-4.1525e-010	2
-4.15e-010	0
-4.1475e-010	2
-4.145e-010	0
-4.1425e-010	2
-4.14e-010	0
-4.1375e-010	3
-4.135e-010	0
-4.1325e-010	1
-4.13e-010	1
-4.1275e-010	0
-4.125e-010	3
-4.1225e-010	2
-4.12e-010	2
-4.1175e-010	3
-4.115e-010	1
-4.1125e-010	0
-4.11e-010	0
-4.1075e-010	3
-4.105e-010	1
-4.1025e-010	2
-4.1e-010	0
-4.0975e-010	1
-4.095e-010	2
-4.0925e-010	4
-4.09e-010	0
-4.0875e-010	0
-4.085e-010	0
-4.0825e-010	0
-4.08e-010	0
-4.0775e-010	0
-4.075e-010	0
-4.0725e-010	0
-4.07e-010	0
-4.0675e-010	2
-4.065e-010	1
-4.0625e-010	0
-4.06e-010	0
-4.0575e-010	0
-4.055e-010	0
-4.0525e-010	0
-4.05e-010	2
-4.0475e-010	3
-4.045e-010	4
-4.0425e-010	1
-4.04e-010	0
-4.0375e-010	1
-4.035e-010	0
-4.0325e-010	4
-4.03e-010	1
-4.0275e-010	0
-4.025e-010	0
-4.0225e-010	1
-4.02e-010	1
-4.0175e-010	1
-4.015e-010	0
-4.0125e-010	3
-4.01e-010	0
-4.0075e-010	3
-4.005e-010	1
-4.0025e-010	1
-4e-010	0
-3.9975e-010	3
-3.995e-010	0
-3.9925e-010	0
-3.99e-010	3
-3.9875e-010	2
-3.985e-010	1
-3.9825e-010	1
-3.98e-010	2
-3.9775e-010	0
-3.975e-010	3
-3.9725e-010	1
-3.97e-010	1
-3.9675e-010	1
-3.965e-010	1
-3.9625e-010	0
-3.96e-010	0
-3.9575e-010	2
-3.955e-010	1
-3.9525e-010	1
-3.95e-010	0
-3.9475e-010	0
-3.945e-010	1
-3.9425e-010	0
-3.94e-010	0
-3.9375e-010	2
-3.935e-010	2
-3.9325e-010	0
-3.93e-010	0
-3.9275e-010	0
-3.925e-010	2
-3.9225e-010	0
-3.92e-010	0
-3.9175e-010	2
-3.915e-010	1
-3.9125e-010	1
-3.91e-010	1
-3.9075e-010	0
-3.905e-010	1
-3.9025e-010	2
-3.9e-010	2
-3.8975e-010	0
-3.895e-010	2
-3.8925e-010	0
-3.89e-010	0
-3.8875e-010	0
-3.885e-010	2
-3.8825e-010	3
-3.88e-010	1
-3.8775e-010	1
-3.875e-010	2
-3.8725e-010	0
-3.87e-010	2
-3.8675e-010	0
-3.865e-010	2
-3.8625e-010	1
-3.86e-010	1
-3.8575e-010	1
-3.855e-010	1
-3.8525e-010	3
-3.85e-010	0
-3.8475e-010	0
-3.845e-010	1
-3.8425e-010	0
-3.84e-010	1
-3.8375e-010	2
-3.835e-010	0
-3.8325e-010	3
-3.83e-010	0
-3.8275e-010	1
-3.825e-010	3
-3.8225e-010	2
-3.82e-010	3
-3.8175e-010	1
-3.815e-010	1
-3.8125e-010	2
-3.81e-010	1
-3.8075e-010	2
-3.805e-010	0
-3.8025e-010	3
-3.8e-010	1
-3.7975e-010	2
-3.795e-010	2
-3.7925e-010	0
-3.79e-010	1
-3.7875e-010	1
-3.785e-010	2
-3.7825e-010	1
-3.78e-010	0
-3.7775e-010	1
-3.775e-010	0
-3.7725e-010	1
-3.77e-010	1
-3.7675e-010	1
-3.765e-010	1
-3.7625e-010	2
-3.76e-010	0
-3.7575e-010	1
-3.755e-010	3
-3.7525e-010	3
-3.75e-010	0
-3.7475e-010	0
-3.745e-010	0
-3.7425e-010	3
-3.74e-010	1
-3.7375e-010	1
-3.735e-010	0
-3.7325e-010	3
-3.73e-010	2
-3.7275e-010	1
-3.725e-010	1
-3.7225e-010	0
-3.72e-010	0
-3.7175e-010	0
-3.715e-010	0
-3.7125e-010	0
-3.71e-010	1
-3.7075e-010	2
-3.705e-010	1
-3.7025e-010	2
-3.7e-010	1
-3.6975e-010	3
-3.695e-010	1
-3.6925e-010	1
-3.69e-010	0
-3.6875e-010	1
-3.685e-010	2
-3.6825e-010	0
-3.68e-010	1
-3.6775e-010	1
-3.675e-010	2
-3.6725e-010	1
-3.67e-010	1
-3.6675e-010	1
-3.665e-010	3
-3.6625e-010	1
-3.66e-010	1
-3.6575e-010	0
-3.655e-010	2
-3.6525e-010	1
-3.65e-010	1
-3.6475e-010	0
-3.645e-010	1
-3.6425e-010	3
-3.64e-010	1
-3.6375e-010	2
-3.635e-010	1
-3.6325e-010	0
-3.63e-010	2
-3.6275e-010	1
-3.625e-010	2
-3.6225e-010	4
-3.62e-010	1
-3.6175e-010	3
-3.615e-010	0
-3.6125e-010	1
-3.61e-010	2
-3.6075e-010	1
-3.605e-010	1
-3.6025e-010	2
-3.6e-010	2
-3.5975e-010	1
-3.595e-010	0
-3.5925e-010	3
-3.59e-010	1
-3.5875e-010	0
-3.585e-010	2
-3.5825e-010	2
-3.58e-010	1
-3.5775e-010	0
-3.575e-010	1
-3.5725e-010	0
-3.57e-010	1
-3.5675e-010	1
-3.565e-010	1
-3.5625e-010	1
-3.56e-010	2
-3.5575e-010	3
-3.555e-010	0
-3.5525e-010	2
-3.55e-010	0
-3.5475e-010	2
-3.545e-010	1
-3.5425e-010	2
-3.54e-010	2
-3.5375e-010	1
-3.535e-010	2
-3.5325e-010	0
-3.53e-010	0
-3.5275e-010	0
-3.525e-010	1
-3.5225e-010	0
-3.52e-010	3
-3.5175e-010	1
-3.515e-010	1
-3.5125e-010	1
-3.51e-010	1
-3.5075e-010	0
-3.505e-010	1
-3.5025e-010	3
-3.5e-010	0
-3.4975e-010	2
-3.495e-010	0
-3.4925e-010	0
-3.49e-010	2
-3.4875e-010	1
-3.485e-010	2
-3.4825e-010	1
-3.48e-010	0
-3.4775e-010	2
-3.475e-010	4
-3.4725e-010	1
-3.47e-010	1
-3.4675e-010	2
-3.465e-010	0
-3.4625e-010	2
-3.46e-010	3
-3.4575e-010	2
-3.455e-010	0
-3.4525e-010	4
-3.45e-010	2
-3.4475e-010	2
-3.445e-010	2
-3.4425e-010	1
-3.44e-010	6
-3.4375e-010	1
-3.435e-010	2
-3.4325e-010	2
-3.43e-010	2
-3.4275e-010	2
-3.425e-010	2
-3.4225e-010	2
-3.42e-010	2
-3.4175e-010	1
-3.415e-010	2
-3.4125e-010	1
-3.41e-010	4
-3.4075e-010	0
-3.405e-010	1
-3.4025e-010	1
-3.4e-010	0
-3.3975e-010	1
-3.395e-010	1
-3.3925e-010	3
-3.39e-010	1
-3.3875e-010	1
-3.385e-010	1
-3.3825e-010	0
-3.38e-010	4
-3.3775e-010	0
-3.375e-010	1
-3.3725e-010	3
-3.37e-010	3
-3.3675e-010	0
-3.365e-010	2
-3.3625e-010	2
-3.36e-010	0
-3.3575e-010	1
-3.355e-010	4
-3.3525e-010	4
-3.35e-010	1
-3.3475e-010	2
-3.345e-010	0
-3.3425e-010	3
-3.34e-010	2
-3.3375e-010	3
-3.335e-010	1
-3.3325e-010	1
-3.33e-010	0
-3.3275e-010	1
-3.325e-010	4
-3.3225e-010	2
-3.32e-010	0
-3.3175e-010	2
-3.315e-010	2
-3.3125e-010	1
-3.31e-010	2
-3.3075e-010	2
-3.305e-010	2
-3.3025e-010	2
-3.3e-010	1
-3.2975e-010	1
-3.295e-010	3
-3.2925e-010	2
-3.29e-010	1
-3.2875e-010	0
-3.285e-010	0
-3.2825e-010	1
-3.28e-010	2
-3.2775e-010	2
-3.275e-010	0
-3.2725e-010	2
-3.27e-010	2
-3.2675e-010	1
-3.265e-010	3
-3.2625e-010	2
-3.26e-010	3
-3.2575e-010	2
-3.255e-010	2
-3.2525e-010	1
-3.25e-010	4
-3.2475e-010	3
-3.245e-010	4
-3.2425e-010	2
-3.24e-010	6
-3.2375e-010	1
-3.235e-010	0
-3.2325e-010	1
-3.23e-010	3
-3.2275e-010	1
-3.225e-010	5
-3.2225e-010	3
-3.22e-010	4
-3.2175e-010	9
-3.215e-010	3
-3.2125e-010	3
-3.21e-010	2
-3.2075e-010	5
-3.205e-010	3
-3.2025e-010	1
-3.2e-010	4
-3.1975e-010	0
-3.195e-010	3
-3.1925e-010	1
-3.19e-010	0
-3.1875e-010	0
-3.185e-010	2
-3.1825e-010	3
-3.18e-010	2
-3.1775e-010	2
-3.175e-010	2
-3.1725e-010	2
-3.17e-010	3
-3.1675e-010	4
-3.165e-010	2
-3.1625e-010	5
-3.16e-010	2
-3.1575e-010	3
-3.155e-010	1
-3.1525e-010	3
-3.15e-010	3
-3.1475e-010	4
-3.145e-010	5
-3.1425e-010	6
-3.14e-010	0
-3.1375e-010	4
-3.135e-010	4
-3.1325e-010	4
-3.13e-010	4
-3.1275e-010	3
-3.125e-010	2
-3.1225e-010	1
-3.12e-010	2
-3.1175e-010	5
-3.115e-010	3
-3.1125e-010	3
-3.11e-010	0
-3.1075e-010	4
-3.105e-010	6
-3.1025e-010	3
-3.1e-010	3
-3.0975e-010	3
-3.095e-010	5
-3.0925e-010	3
-3.09e-010	5
-3.0875e-010	1
-3.085e-010	2
-3.0825e-010	2
-3.08e-010	5
-3.0775e-010	4
-3.075e-010	1
-3.0725e-010	4
-3.07e-010	3
-3.0675e-010	4
-3.065e-010	4
-3.0625e-010	5
-3.06e-010	6
-3.0575e-010	2
-3.055e-010	2
-3.0525e-010	4
-3.05e-010	3
-3.0475e-010	3
-3.045e-010	2
-3.0425e-010	1
-3.04e-010	2
-3.0375e-010	3
-3.035e-010	3
-3.0325e-010	3
-3.03e-010	6
-3.0275e-010	4
-3.025e-010	5
-3.0225e-010	3
-3.02e-010	4
-3.0175e-010	9
-3.015e-010	2
-3.0125e-010	7
-3.01e-010	3
-3.0075e-010	6
-3.005e-010	5
-3.0025e-010	3
-3e-010	6
-2.9975e-010	4
-2.995e-010	4
-2.9925e-010	3
-2.99e-010	3
-2.9875e-010	2
-2.985e-010	7
-2.9825e-010	4
-2.98e-010	5
-2.9775e-010	4
-2.975e-010	5
-2.9725e-010	4
-2.97e-010	11
-2.9675e-010	4
-2.965e-010	4
-2.9625e-010	6
-2.96e-010	3
-2.9575e-010	2
-2.955e-010	7
-2.9525e-010	6
-2.95e-010	5
-2.9475e-010	3
-2.945e-010	4
-2.9425e-010	6
-2.94e-010	3
-2.9375e-010	6
-2.935e-010	5
-2.9325e-010	6
-2.93e-010	4
-2.9275e-010	5
-2.925e-010	1
-2.9225e-010	4
-2.92e-010	4
-2.9175e-010	4
-2.915e-010	7
-2.9125e-010	6
-2.91e-010	3
-2.9075e-010	6
-2.905e-010	6
-2.9025e-010	7
-2.9e-010	4
-2.8975e-010	8
-2.895e-010	5
-2.8925e-010	7
-2.89e-010	5
-2.8875e-010	6
-2.885e-010	3
-2.8825e-010	10
-2.88e-010	3
-2.8775e-010	8
-2.875e-010	7
-2.8725e-010	4
-2.87e-010	4
-2.8675e-010	12
-2.865e-010	12
-2.8625e-010	1
-2.86e-010	10
-2.8575e-010	6
-2.855e-010	5
-2.8525e-010	6
-2.85e-010	6
-2.8475e-010	9
-2.845e-010	6
-2.8425e-010	6
-2.84e-010	12
-2.8375e-010	6
-2.835e-010	6
-2.8325e-010	9
-2.83e-010	12
-2.8275e-010	14
-2.825e-010	2
-2.8225e-010	4
-2.82e-010	4
-2.8175e-010	11
-2.815e-010	4
-2.8125e-010	9
-2.81e-010	6
-2.8075e-010	8
-2.805e-010	9
-2.8025e-010	11
-2.8e-010	5
-2.7975e-010	10
-2.795e-010	8
-2.7925e-010	7
-2.79e-010	9
-2.7875e-010	9
-2.785e-010	8
-2.7825e-010	10
-2.78e-010	11
-2.7775e-010	8
-2.775e-010	3
-2.7725e-010	13
-2.77e-010	15
-2.7675e-010	9
-2.765e-010	8
-2.7625e-010	6
-2.76e-010	8
-2.7575e-010	11
-2.755e-010	10
-2.7525e-010	13
-2.75e-010	6
-2.7475e-010	10
-2.745e-010	8
-2.7425e-010	12
-2.74e-010	9
-2.7375e-010	10
-2.735e-010	12
-2.7325e-010	11
-2.73e-010	9
-2.7275e-010	7
-2.725e-010	5
-2.7225e-010	13
-2.72e-010	9
-2.7175e-010	12
-2.715e-010	9
-2.7125e-010	14
-2.71e-010	12
-2.7075e-010	18
-2.705e-010	9
-2.7025e-010	9
-2.7e-010	10
-2.6975e-010	6
-2.695e-010	9
-2.6925e-010	9
-2.69e-010	11
-2.6875e-010	11
-2.685e-010	14
-2.6825e-010	13
-2.68e-010	10
-2.6775e-010	8
-2.675e-010	11
-2.6725e-010	8
-2.67e-010	4
-2.6675e-010	10
-2.665e-010	8
-2.6625e-010	25
-2.66e-010	14
-2.6575e-010	22
-2.655e-010	14
-2.6525e-010	18
-2.65e-010	5
-2.6475e-010	17
-2.645e-010	16
-2.6425e-010	10
-2.64e-010	11
-2.6375e-010	14
-2.635e-010	13
-2.6325e-010	10
-2.63e-010	9
-2.6275e-010	15
-2.625e-010	19
-2.6225e-010	11
-2.62e-010	16
-2.6175e-010	12
-2.615e-010	23
-2.6125e-010	17
-2.61e-010	24
-2.6075e-010	14
-2.605e-010	21
-2.6025e-010	21
-2.6e-010	16
-2.5975e-010	22
-2.595e-010	17
-2.5925e-010	18
-2.59e-010	19
-2.5875e-010	16
-2.585e-010	19
-2.5825e-010	17
-2.58e-010	22
-2.5775e-010	20
-2.575e-010	24
-2.5725e-010	18
-2.57e-010	20
-2.5675e-010	22
-2.565e-010	17
-2.5625e-010	20
-2.56e-010	17
-2.5575e-010	11
-2.555e-010	16
-2.5525e-010	16
-2.55e-010	22
-2.5475e-010	21
-2.545e-010	30
-2.5425e-010	20
-2.54e-010	18
-2.5375e-010	23
-2.535e-010	15
-2.5325e-010	14
-2.53e-010	22
-2.5275e-010	20
-2.525e-010	18
-2.5225e-010	31
-2.52e-010	22
-2.5175e-010	28
-2.515e-010	23
-2.5125e-010	18
-2.51e-010	22
-2.5075e-010	19
-2.505e-010	20
-2.5025e-010	22
-2.5e-010	16
-2.4975e-010	19
-2.495e-010	21
-2.4925e-010	27
-2.49e-010	22
-2.4875e-010	27
-2.485e-010	20
-2.4825e-010	25
-2.48e-010	26
-2.4775e-010	36
-2.475e-010	13
-2.4725e-010	29
-2.47e-010	23
-2.4675e-010	24
-2.465e-010	29
-2.4625e-010	26
-2.46e-010	21
-2.4575e-010	36
-2.455e-010	37
-2.4525e-010	31
-2.45e-010	38
-2.4475e-010	37
-2.445e-010	32
-2.4425e-010	24
-2.44e-010	31
-2.4375e-010	20
-2.435e-010	37
-2.4325e-010	36
-2.43e-010	28
-2.4275e-010	34
-2.425e-010	18
-2.4225e-010	20
-2.42e-010	31
-2.4175e-010	29
-2.415e-010	39
-2.4125e-010	34
-2.41e-010	26
-2.4075e-010	29
-2.405e-010	23
-2.4025e-010	32
-2.4e-010	31
-2.3975e-010	33
-2.395e-010	20
-2.3925e-010	30
-2.39e-010	31
-2.3875e-010	38
-2.385e-010	25
-2.3825e-010	52
-2.38e-010	32
-2.3775e-010	28
-2.375e-010	18
-2.3725e-010	40
-2.37e-010	24
-2.3675e-010	22
-2.365e-010	29
-2.3625e-010	43
-2.36e-010	24
-2.3575e-010	32
-2.355e-010	26
-2.3525e-010	28
-2.35e-010	36
-2.3475e-010	41
-2.345e-010	30
-2.3425e-010	38
-2.34e-010	36
-2.3375e-010	31
-2.335e-010	41
-2.3325e-010	31
-2.33e-010	39
-2.3275e-010	38
-2.325e-010	49
-2.3225e-010	39
-2.32e-010	35
-2.3175e-010	39
-2.315e-010	36
-2.3125e-010	37
-2.31e-010	42
-2.3075e-010	33
-2.305e-010	34
-2.3025e-010	39
-2.3e-010	37
-2.2975e-010	46
-2.295e-010	40
-2.2925e-010	62
-2.29e-010	39
-2.2875e-010	46
-2.285e-010	40
-2.2825e-010	46
-2.28e-010	41
-2.2775e-010	46
-2.275e-010	56
-2.2725e-010	44
-2.27e-010	44
-2.2675e-010	43
-2.265e-010	45
-2.2625e-010	41
-2.26e-010	51
-2.2575e-010	41
-2.255e-010	52
-2.2525e-010	46
-2.25e-010	42
-2.2475e-010	48
-2.245e-010	37
-2.2425e-010	36
-2.24e-010	42
-2.2375e-010	46
-2.235e-010	58
-2.2325e-010	52
-2.23e-010	66
-2.2275e-010	37
-2.225e-010	52
-2.2225e-010	53
-2.22e-010	55
-2.2175e-010	52
-2.215e-010	48
-2.2125e-010	37
-2.21e-010	53
-2.2075e-010	44
-2.205e-010	49
-2.2025e-010	57
-2.2e-010	51
-2.1975e-010	38
-2.195e-010	58
-2.1925e-010	50
-2.19e-010	51
-2.1875e-010	58
-2.185e-010	59
-2.1825e-010	61
-2.18e-010	60
-2.1775e-010	43
-2.175e-010	61
-2.1725e-010	54
-2.17e-010	66
-2.1675e-010	39
-2.165e-010	69
-2.1625e-010	48
-2.16e-010	55
-2.1575e-010	50
-2.155e-010	49
-2.1525e-010	51
-2.15e-010	60
-2.1475e-010	54
-2.145e-010	52
-2.1425e-010	45
-2.14e-010	57
-2.1375e-010	61
-2.135e-010	62
-2.1325e-010	61
-2.13e-010	54
-2.1275e-010	63
-2.125e-010	55
-2.1225e-010	51
-2.12e-010	57
-2.1175e-010	46
-2.115e-010	58
-2.1125e-010	46
-2.11e-010	64
-2.1075e-010	57
-2.105e-010	54
-2.1025e-010	46
-2.1e-010	66
-2.0975e-010	50
-2.095e-010	65
-2.0925e-010	58
-2.09e-010	67
-2.0875e-010	46
-2.085e-010	62
-2.0825e-010	46
-2.08e-010	59
-2.0775e-010	56
-2.075e-010	60
-2.0725e-010	56
-2.07e-010	67
-2.0675e-010	60
-2.065e-010	51
-2.0625e-010	56
-2.06e-010	60
-2.0575e-010	70
-2.055e-010	52
-2.0525e-010	76
-2.05e-010	43
-2.0475e-010	61
-2.045e-010	52
-2.0425e-010	55
-2.04e-010	63
-2.0375e-010	57
-2.035e-010	41
-2.0325e-010	67
-2.03e-010	65
-2.0275e-010	52
-2.025e-010	64
-2.0225e-010	51
-2.02e-010	59
-2.0175e-010	72
-2.015e-010	51
-2.0125e-010	62
-2.01e-010	59
-2.0075e-010	50
-2.005e-010	45
-2.0025e-010	56
-2e-010	59
-1.9975e-010	55
-1.995e-010	54
-1.9925e-010	56
-1.99e-010	57
-1.9875e-010	58
-1.985e-010	50
-1.9825e-010	61
-1.98e-010	49
-1.9775e-010	61
-1.975e-010	58
-1.9725e-010	59
-1.97e-010	59
-1.9675e-010	67
-1.965e-010	42
-1.9625e-010	58
-1.96e-010	52
-1.9575e-010	59
-1.955e-010	51
-1.9525e-010	60
-1.95e-010	42
-1.9475e-010	63
-1.945e-010	33
-1.9425e-010	66
-1.94e-010	61
-1.9375e-010	43
-1.935e-010	47
-1.9325e-010	60
-1.93e-010	55
-1.9275e-010	45
-1.925e-010	49
-1.9225e-010	62
-1.92e-010	50
-1.9175e-010	51
-1.915e-010	54
-1.9125e-010	55
-1.91e-010	48
-1.9075e-010	55
-1.905e-010	36
-1.9025e-010	36
-1.9e-010	41
-1.8975e-010	46
-1.895e-010	41
-1.8925e-010	38
-1.89e-010	47
-1.8875e-010	52
-1.885e-010	50
-1.8825e-010	59
-1.88e-010	48
-1.8775e-010	55
-1.875e-010	47
-1.8725e-010	48
-1.87e-010	34
-1.8675e-010	42
-1.865e-010	35
-1.8625e-010	51
-1.86e-010	52
-1.8575e-010	42
-1.855e-010	43
-1.8525e-010	37
-1.85e-010	43
-1.8475e-010	57
-1.845e-010	37
-1.8425e-010	38
-1.84e-010	47
-1.8375e-010	41
-1.835e-010	46
-1.8325e-010	38
-1.83e-010	41
-1.8275e-010	43
-1.825e-010	43
-1.8225e-010	30
-1.82e-010	33
-1.8175e-010	45
-1.815e-010	28
-1.8125e-010	41
-1.81e-010	33
-1.8075e-010	37
-1.805e-010	40
-1.8025e-010	31
-1.8e-010	43
-1.7975e-010	39
-1.795e-010	38
-1.7925e-010	40
-1.79e-010	29
-1.7875e-010	34
-1.785e-010	33
-1.7825e-010	34
-1.78e-010	34
-1.7775e-010	30
-1.775e-010	34
-1.7725e-010	15
-1.77e-010	28
-1.7675e-010	28
-1.765e-010	34
-1.7625e-010	32
-1.76e-010	24
-1.7575e-010	28
-1.755e-010	26
-1.7525e-010	35
-1.75e-010	32
-1.7475e-010	22
-1.745e-010	30
-1.7425e-010	27
-1.74e-010	34
-1.7375e-010	27
-1.735e-010	24
-1.7325e-010	20
-1.73e-010	34
-1.7275e-010	22
-1.725e-010	26
-1.7225e-010	30
-1.72e-010	21
-1.7175e-010	16
-1.715e-010	27
-1.7125e-010	20
-1.71e-010	23
-1.7075e-010	18
-1.705e-010	24
-1.7025e-010	15
-1.7e-010	19
-1.6975e-010	20
-1.695e-010	25
-1.6925e-010	22
-1.69e-010	21
-1.6875e-010	11
-1.685e-010	21
-1.6825e-010	18
-1.68e-010	21
-1.6775e-010	15
-1.675e-010	20
-1.6725e-010	22
-1.67e-010	13
-1.6675e-010	17
-1.665e-010	19
-1.6625e-010	22
-1.66e-010	15
-1.6575e-010	7
-1.655e-010	20
-1.6525e-010	11
-1.65e-010	18
-1.6475e-010	10
-1.645e-010	16
-1.6425e-010	16
-1.64e-010	18
-1.6375e-010	16
-1.635e-010	10
-1.6325e-010	17
-1.63e-010	11
-1.6275e-010	14
-1.625e-010	14
-1.6225e-010	15
-1.62e-010	14
-1.6175e-010	10
-1.615e-010	6
-1.6125e-010	11
-1.61e-010	6
-1.6075e-010	9
-1.605e-010	12
-1.6025e-010	10
-1.6e-010	6
-1.5975e-010	11
-1.595e-010	9
-1.5925e-010	14
-1.59e-010	4
-1.5875e-010	15
-1.585e-010	9
-1.5825e-010	5
-1.58e-010	9
-1.5775e-010	5
-1.575e-010	1
-1.5725e-010	6
-1.57e-010	2
-1.5675e-010	5
-1.565e-010	6
-1.5625e-010	4
-1.56e-010	4
-1.5575e-010	1
-1.555e-010	4
-1.5525e-010	2
-1.55e-010	4
-1.5475e-010	6
-1.545e-010	7
-1.5425e-010	10
-1.54e-010	4
-1.5375e-010	5
-1.535e-010	2
-1.5325e-010	4
-1.53e-010	5
-1.5275e-010	6
-1.525e-010	4
-1.5225e-010	3
-1.52e-010	3
-1.5175e-010	2
-1.515e-010	6
-1.5125e-010	3
-1.51e-010	2
-1.5075e-010	4
-1.505e-010	3
-1.5025e-010	5
-1.5e-010	2
-1.4975e-010	1
-1.495e-010	3
-1.4925e-010	5
-1.49e-010	2
-1.4875e-010	3
-1.485e-010	4
-1.4825e-010	2
-1.48e-010	3
-1.4775e-010	3
-1.475e-010	0
-1.4725e-010	5
-1.47e-010	3
-1.4675e-010	3
-1.465e-010	3
-1.4625e-010	1
-1.46e-010	3
-1.4575e-010	0
-1.455e-010	3
-1.4525e-010	3
-1.45e-010	0
-1.4475e-010	3
-1.445e-010	0
-1.4425e-010	2
-1.44e-010	1
-1.4375e-010	1
-1.435e-010	1
-1.4325e-010	0
-1.43e-010	0
-1.4275e-010	4
-1.425e-010	0
-1.4225e-010	3
-1.42e-010	1
-1.4175e-010	1
-1.415e-010	2
-1.4125e-010	1
-1.41e-010	1
-1.4075e-010	2
-1.405e-010	2
-1.4025e-010	0
-1.4e-010	1
-1.3975e-010	1
-1.395e-010	0
-1.3925e-010	2
-1.39e-010	0
-1.3875e-010	1
-1.385e-010	0
-1.3825e-010	1
-1.38e-010	0
-1.3775e-010	0
-1.375e-010	0
-1.3725e-010	2
-1.37e-010	0
-1.3675e-010	0
-1.365e-010	0
-1.3625e-010	0
-1.36e-010	0
-1.3575e-010	1
-1.355e-010	0
-1.3525e-010	1
-1.35e-010	1
-1.3475e-010	0
-1.345e-010	0
-1.3425e-010	2
-1.34e-010	0
-1.3375e-010	0
-1.335e-010	1
-1.3325e-010	1
-1.33e-010	0
-1.3275e-010	2
-1.325e-010	0
-1.3225e-010	0
-1.32e-010	0
-1.3175e-010	0
-1.315e-010	1
-1.3125e-010	1
-1.31e-010	1
-1.3075e-010	0
-1.305e-010	2
-1.3025e-010	0
-1.3e-010	3
-1.2975e-010	2
-1.295e-010	0
-1.2925e-010	0
-1.29e-010	2
-1.2875e-010	1
-1.285e-010	2
-1.2825e-010	1
-1.28e-010	2
-1.2775e-010	3
-1.275e-010	0
-1.2725e-010	2
-1.27e-010	1
-1.2675e-010	3
-1.265e-010	3
-1.2625e-010	3
-1.26e-010	3
-1.2575e-010	1
-1.255e-010	4
-1.2525e-010	2
-1.25e-010	4
-1.2475e-010	2
-1.245e-010	2
-1.2425e-010	3
-1.24e-010	3
-1.2375e-010	2
-1.235e-010	2
-1.2325e-010	2
-1.23e-010	1
-1.2275e-010	4
-1.225e-010	5
-1.2225e-010	2
-1.22e-010	6
-1.2175e-010	4
-1.215e-010	4
-1.2125e-010	7
-1.21e-010	9
-1.2075e-010	3
-1.205e-010	7
-1.2025e-010	7
-1.2e-010	8
-1.1975e-010	6
-1.195e-010	7
-1.1925e-010	3
-1.19e-010	4
-1.1875e-010	11
-1.185e-010	12
-1.1825e-010	5
-1.18e-010	15
-1.1775e-010	5
-1.175e-010	5
-1.1725e-010	8
-1.17e-010	15
-1.1675e-010	8
-1.165e-010	6
-1.1625e-010	7
-1.16e-010	10
-1.1575e-010	10
-1.155e-010	10
-1.1525e-010	17
-1.15e-010	11
-1.1475e-010	21
-1.145e-010	14
-1.1425e-010	6
-1.14e-010	17
-1.1375e-010	18
-1.135e-010	13
-1.1325e-010	12
-1.13e-010	16
-1.1275e-010	19
-1.125e-010	17
-1.1225e-010	24
-1.12e-010	24
-1.1175e-010	18
-1.115e-010	27
-1.1125e-010	32
-1.11e-010	21
-1.1075e-010	25
-1.105e-010	28
-1.1025e-010	29
-1.1e-010	25
-1.0975e-010	28
-1.095e-010	25
-1.0925e-010	34
-1.09e-010	35
-1.0875e-010	25
-1.085e-010	30
-1.0825e-010	37
-1.08e-010	42
-1.0775e-010	43
-1.075e-010	41
-1.0725e-010	38
-1.07e-010	56
-1.0675e-010	38
-1.065e-010	34
-1.0625e-010	47
-1.06e-010	38
-1.0575e-010	42
-1.055e-010	56
-1.0525e-010	50
-1.05e-010	55
-1.0475e-010	59
-1.045e-010	53
-1.0425e-010	61
-1.04e-010	53
-1.0375e-010	72
-1.035e-010	58
-1.0325e-010	79
-1.03e-010	75
-1.0275e-010	81
-1.025e-010	81
-1.0225e-010	73
-1.02e-010	93
-1.0175e-010	95
-1.015e-010	104
-1.0125e-010	101
-1.01e-010	85
-1.0075e-010	81
-1.005e-010	78
-1.0025e-010	102
-1e-010	101
-9.975e-011	117
-9.95e-011	94
-9.925e-011	109
-9.9e-011	115
-9.875e-011	141
-9.85e-011	105
-9.825e-011	148
-9.8e-011	136
-9.775e-011	122
-9.75e-011	124
-9.725e-011	130
-9.7e-011	143
-9.675e-011	173
-9.65e-011	151
-9.625e-011	188
-9.6e-011	152
-9.575e-011	169
-9.55e-011	160
-9.525e-011	146
-9.5e-011	188
-9.475e-011	187
-9.45e-011	183
-9.425e-011	216
-9.4e-011	178
-9.375e-011	180
-9.35e-011	231
-9.325e-011	209
-9.3e-011	262
-9.275e-011	249
-9.25e-011	248
-9.225e-011	222
-9.2e-011	250
-9.175e-011	219
-9.15e-011	249
-9.125e-011	254
-9.1e-011	251
-9.075e-011	265
-9.05e-011	234
-9.025e-011	296
-9e-011	294
-8.975e-011	289
-8.95e-011	307
-8.925e-011	295
-8.9e-011	315
-8.875e-011	298
-8.85e-011	325
-8.825e-011	319
-8.8e-011	365
-8.775e-011	331
-8.75e-011	372
-8.725e-011	342
-8.7e-011	355
-8.675e-011	349
-8.65e-011	443
-8.625e-011	376
-8.6e-011	451
-8.575e-011	400
-8.55e-011	438
-8.525e-011	407
-8.5e-011	441
-8.475e-011	409
-8.45e-011	501
-8.425e-011	434
-8.4e-011	438
-8.375e-011	430
-8.35e-011	483
-8.325e-011	478
-8.3e-011	507
-8.275e-011	506
-8.25e-011	527
-8.225e-011	462
-8.2e-011	557
-8.175e-011	528
-8.15e-011	570
-8.125e-011	507
-8.1e-011	548
-8.075e-011	545
-8.05e-011	566
-8.025e-011	575
-8e-011	649
-7.975e-011	571
-7.95e-011	616
-7.925e-011	601
-7.9e-011	640
-7.875e-011	576
-7.85e-011	744
-7.825e-011	616
-7.8e-011	715
-7.775e-011	655
-7.75e-011	696
-7.725e-011	649
-7.7e-011	698
-7.675e-011	670
-7.65e-011	668
-7.625e-011	730
-7.6e-011	771
-7.575e-011	725
-7.55e-011	774
-7.525e-011	701
-7.5e-011	789
-7.475e-011	699
-7.45e-011	769
-7.425e-011	756
-7.4e-011	793
-7.375e-011	797
-7.35e-011	841
-7.325e-011	774
-7.3e-011	828
-7.275e-011	824
-7.25e-011	825
-7.225e-011	929
-7.2e-011	788
-7.175e-011	890
-7.15e-011	812
-7.125e-011	943
-7.1e-011	875
-7.075e-011	884
-7.05e-011	866
-7.025e-011	904
-7e-011	890
-6.975e-011	954
-6.95e-011	912
-6.925e-011	918
-6.9e-011	818
-6.875e-011	915
-6.85e-011	837
-6.825e-011	945
-6.8e-011	861
-6.775e-011	986
-6.75e-011	885
-6.725e-011	981
-6.7e-011	903
-6.675e-011	965
-6.65e-011	889
-6.625e-011	1029
-6.6e-011	950
-6.575e-011	1033
-6.55e-011	895
-6.525e-011	979
-6.5e-011	933
-6.475e-011	1034
-6.45e-011	972
-6.425e-011	1004
-6.4e-011	964
-6.375e-011	1049
-6.35e-011	916
-6.325e-011	1029
-6.3e-011	983
-6.275e-011	1037
-6.25e-011	979
-6.225e-011	1045
-6.2e-011	1024
-6.175e-011	1032
-6.15e-011	994
-6.125e-011	1025
-6.1e-011	927
-6.075e-011	1011
-6.05e-011	887
-6.025e-011	1040
-6e-011	1008
-5.975e-011	1064
-5.95e-011	934
-5.925e-011	997
-5.9e-011	930
-5.875e-011	1044
-5.85e-011	919
-5.825e-011	1034
-5.8e-011	911
-5.775e-011	978
-5.75e-011	960
-5.725e-011	1016
-5.7e-011	927
-5.675e-011	1035
-5.65e-011	958
-5.625e-011	1017
-5.6e-011	916
-5.575e-011	1006
-5.55e-011	906
-5.525e-011	964
-5.5e-011	944
-5.475e-011	924
-5.45e-011	914
-5.425e-011	952
-5.4e-011	872
-5.375e-011	949
-5.35e-011	840
-5.325e-011	982
-5.3e-011	821
-5.275e-011	891
-5.25e-011	846
-5.225e-011	896
-5.2e-011	831
-5.175e-011	844
-5.15e-011	813
-5.125e-011	936
-5.1e-011	814
-5.075e-011	831
-5.05e-011	892
-5.025e-011	767
-5e-011	858
-4.975e-011	761
-4.95e-011	854
-4.925e-011	747
-4.9e-011	759
-4.875e-011	766
-4.85e-011	768
-4.825e-011	737
-4.8e-011	830
-4.775e-011	727
-4.75e-011	776
-4.725e-011	723
-4.7e-011	770
-4.675e-011	691
-4.65e-011	743
-4.625e-011	684
-4.6e-011	700
-4.575e-011	621
-4.55e-011	684
-4.525e-011	648
-4.5e-011	687
-4.475e-011	650
-4.45e-011	679
-4.425e-011	596
-4.4e-011	646
-4.375e-011	530
-4.35e-011	666
-4.325e-011	592
-4.3e-011	654
-4.275e-011	573
-4.25e-011	633
-4.225e-011	523
-4.2e-011	592
-4.175e-011	520
-4.15e-011	564
-4.125e-011	487
-4.1e-011	550
-4.075e-011	488
-4.05e-011	545
-4.025e-011	477
-4e-011	534
-3.975e-011	464
-3.95e-011	520
-3.925e-011	465
-3.9e-011	465
-3.875e-011	462
-3.85e-011	477
-3.825e-011	433
-3.8e-011	452
-3.775e-011	408
-3.75e-011	433
-3.725e-011	417
-3.7e-011	398
-3.675e-011	366
-3.65e-011	405
-3.625e-011	354
-3.6e-011	407
-3.575e-011	391
-3.55e-011	364
-3.525e-011	339
-3.5e-011	376
-3.475e-011	339
-3.45e-011	353
-3.425e-011	302
-3.4e-011	320
-3.375e-011	314
-3.35e-011	337
-3.325e-011	288
-3.3e-011	306
-3.275e-011	294
-3.25e-011	307
-3.225e-011	258
-3.2e-011	274
-3.175e-011	243
-3.15e-011	273
-3.125e-011	228
-3.1e-011	241
-3.075e-011	209
-3.05e-011	254
-3.025e-011	251
-3e-011	238
-2.975e-011	234
-2.95e-011	233
-2.925e-011	204
-2.9e-011	211
-2.875e-011	177
-2.85e-011	214
-2.825e-011	213
-2.8e-011	163
-2.775e-011	166
-2.75e-011	136
-2.725e-011	197
-2.7e-011	168
-2.675e-011	190
-2.65e-011	136
-2.625e-011	153
-2.6e-011	156
-2.575e-011	152
-2.55e-011	137
-2.525e-011	118
-2.5e-011	118
-2.475e-011	141
-2.45e-011	118
-2.425e-011	134
-2.4e-011	113
-2.375e-011	109
-2.35e-011	114
-2.325e-011	110
-2.3e-011	102
-2.275e-011	116
-2.25e-011	108
-2.225e-011	80
-2.2e-011	92
-2.175e-011	98
-2.15e-011	93
-2.125e-011	97
-2.1e-011	81
-2.075e-011	80
-2.05e-011	90
-2.025e-011	77
-2e-011	78
-1.975e-011	83
-1.95e-011	63
-1.925e-011	73
-1.9e-011	50
-1.875e-011	67
-1.85e-011	63
-1.825e-011	71
-1.8e-011	60
-1.775e-011	54
-1.75e-011	54
-1.725e-011	60
-1.7e-011	35
-1.675e-011	65
-1.65e-011	50
-1.625e-011	44
-1.6e-011	44
-1.575e-011	28
-1.55e-011	31
-1.525e-011	47
-1.5e-011	38
-1.475e-011	50
-1.45e-011	35
-1.425e-011	35
-1.4e-011	45
-1.375e-011	36
-1.35e-011	35
-1.325e-011	31
-1.3e-011	21
-1.275e-011	27
-1.25e-011	26
-1.225e-011	15
-1.2e-011	26
-1.175e-011	19
-1.15e-011	16
-1.125e-011	26
-1.1e-011	21
-1.075e-011	22
-1.05e-011	24
-1.025e-011	21
-1e-011	17
-9.75e-012	14
-9.5e-012	32
-9.25e-012	21
-9e-012	19
-8.75e-012	13
-8.5e-012	11
-8.25e-012	14
-8e-012	9
-7.75e-012	15
-7.5e-012	11
-7.25e-012	11
-7e-012	14
-6.75e-012	18
-6.5e-012	9
-6.25e-012	14
-6e-012	11
-5.75e-012	10
-5.5e-012	5
-5.25e-012	11
-5e-012	8
-4.75e-012	7
-4.5e-012	5
-4.25e-012	5
-4e-012	4
-3.75e-012	5
-3.5e-012	5
-3.25e-012	8
-3e-012	5
-2.75e-012	6
-2.5e-012	2
-2.25e-012	6
-2e-012	5
-1.75e-012	8
-1.5e-012	4
-1.25e-012	2
-1e-012	4
-7.5e-013	2
-5e-013	2
-2.5e-013	2
2.2043e-023	3
2.5e-013	9
5e-013	3
7.5e-013	2
1e-012	3
1.25e-012	1
1.5e-012	3
1.75e-012	2
2e-012	1
2.25e-012	3
2.5e-012	4
2.75e-012	1
3e-012	2
3.25e-012	5
3.5e-012	0
3.75e-012	1
4e-012	1
4.25e-012	0
4.5e-012	2
4.75e-012	2
5e-012	1
5.25e-012	0
5.5e-012	0
5.75e-012	1
6e-012	0
6.25e-012	1
6.5e-012	0
6.75e-012	3
7e-012	0
7.25e-012	1
7.5e-012	0
7.75e-012	1
8e-012	0
8.25e-012	0
8.5e-012	0
8.75e-012	1
9e-012	0
9.25e-012	0
9.5e-012	0
9.75e-012	0
1e-011	1
1.025e-011	0
1.05e-011	1
1.075e-011	2
1.1e-011	1
1.125e-011	0
1.15e-011	0
1.175e-011	1
1.2e-011	0
1.225e-011	0
1.25e-011	0
1.275e-011	0
1.3e-011	0
1.325e-011	1
1.35e-011	0
1.375e-011	0
1.4e-011	0
1.425e-011	0
1.45e-011	1
1.475e-011	0
1.5e-011	0
1.525e-011	0
1.55e-011	0
1.575e-011	0
1.6e-011	0
1.625e-011	1
1.65e-011	0
1.675e-011	0
1.7e-011	0
1.725e-011	0
1.75e-011	0
1.775e-011	0
1.8e-011	0
1.825e-011	0
1.85e-011	0
1.875e-011	0
1.9e-011	0
1.925e-011	1
1.95e-011	0
1.975e-011	0
2e-011	0
2.025e-011	0
2.05e-011	0
2.075e-011	0
2.1e-011	0
2.125e-011	1
2.15e-011	0
2.175e-011	0
2.2e-011	0
2.225e-011	0
2.25e-011	0
2.275e-011	0
2.3e-011	0
2.325e-011	0
2.35e-011	0
2.375e-011	0
2.4e-011	0
2.425e-011	0
2.45e-011	0
2.475e-011	0
2.5e-011	0
2.525e-011	0
2.55e-011	0
2.575e-011	0
2.6e-011	0
2.625e-011	0
2.65e-011	0
2.675e-011	0
2.7e-011	0
2.725e-011	0
2.75e-011	0
2.775e-011	0
2.8e-011	0
2.825e-011	0
2.85e-011	0
2.875e-011	0
2.9e-011	0
2.925e-011	0
2.95e-011	0
2.975e-011	0
3e-011	0
3.025e-011	0
3.05e-011	0
3.075e-011	0
3.1e-011	0
3.125e-011	0
3.15e-011	0
3.175e-011	0
3.2e-011	0
3.225e-011	0
3.25e-011	0
3.275e-011	0
3.3e-011	0
3.325e-011	0
3.35e-011	0
3.375e-011	0
3.4e-011	0
3.425e-011	0
3.45e-011	0
3.475e-011	0
3.5e-011	0
3.525e-011	0
3.55e-011	0
3.575e-011	0
3.6e-011	0
3.625e-011	0
3.65e-011	0
3.675e-011	0
3.7e-011	0
3.725e-011	0
3.75e-011	0
3.775e-011	0
3.8e-011	0
3.825e-011	0
3.85e-011	0
3.875e-011	0
