-1.632e-010	0
-1.631e-010	0
-1.63e-010	0
-1.629e-010	0
-1.628e-010	0
-1.627e-010	0
-1.626e-010	0
-1.625e-010	0
-1.624e-010	0
-1.623e-010	0
-1.622e-010	0
-1.621e-010	0
-1.62e-010	0
-1.619e-010	0
-1.618e-010	0
-1.617e-010	0
-1.616e-010	0
-1.615e-010	0
-1.614e-010	0
-1.613e-010	0
-1.612e-010	0
-1.611e-010	0
-1.61e-010	0
-1.609e-010	0
-1.608e-010	0
-1.607e-010	0
-1.606e-010	0
-1.605e-010	0
-1.604e-010	0
-1.603e-010	0
-1.602e-010	0
-1.601e-010	0
-1.6e-010	0
-1.599e-010	0
-1.598e-010	0
-1.597e-010	0
-1.596e-010	0
-1.595e-010	0
-1.594e-010	0
-1.593e-010	0
-1.592e-010	0
-1.591e-010	0
-1.59e-010	0
-1.589e-010	0
-1.588e-010	0
-1.587e-010	0
-1.586e-010	0
-1.585e-010	0
-1.584e-010	0
-1.583e-010	0
-1.582e-010	0
-1.581e-010	0
-1.58e-010	0
-1.579e-010	0
-1.578e-010	0
-1.577e-010	0
-1.576e-010	0
-1.575e-010	0
-1.574e-010	0
-1.573e-010	0
-1.572e-010	0
-1.571e-010	0
-1.57e-010	0
-1.569e-010	0
-1.568e-010	0
-1.567e-010	0
-1.566e-010	0
-1.565e-010	0
-1.564e-010	0
-1.563e-010	0
-1.562e-010	0
-1.561e-010	0
-1.56e-010	0
-1.559e-010	0
-1.558e-010	1
-1.557e-010	0
-1.556e-010	0
-1.555e-010	0
-1.554e-010	0
-1.553e-010	1
-1.552e-010	0
-1.551e-010	0
-1.55e-010	0
-1.549e-010	0
-1.548e-010	1
-1.547e-010	0
-1.546e-010	0
-1.545e-010	0
-1.544e-010	0
-1.543e-010	0
-1.542e-010	0
-1.541e-010	0
-1.54e-010	0
-1.539e-010	0
-1.538e-010	0
-1.537e-010	0
-1.536e-010	0
-1.535e-010	0
-1.534e-010	0
-1.533e-010	0
-1.532e-010	0
-1.531e-010	0
-1.53e-010	0
-1.529e-010	0
-1.528e-010	0
-1.527e-010	0
-1.526e-010	0
-1.525e-010	0
-1.524e-010	0
-1.523e-010	0
-1.522e-010	0
-1.521e-010	0
-1.52e-010	0
-1.519e-010	0
-1.518e-010	0
-1.517e-010	0
-1.516e-010	1
-1.515e-010	0
-1.514e-010	0
-1.513e-010	0
-1.512e-010	0
-1.511e-010	0
-1.51e-010	0
-1.509e-010	0
-1.508e-010	0
-1.507e-010	0
-1.506e-010	1
-1.505e-010	0
-1.504e-010	0
-1.503e-010	0
-1.502e-010	0
-1.501e-010	1
-1.5e-010	0
-1.499e-010	0
-1.498e-010	1
-1.497e-010	0
-1.496e-010	0
-1.495e-010	0
-1.494e-010	1
-1.493e-010	0
-1.492e-010	0
-1.491e-010	0
-1.49e-010	0
-1.489e-010	0
-1.488e-010	0
-1.487e-010	0
-1.486e-010	0
-1.485e-010	0
-1.484e-010	0
-1.483e-010	0
-1.482e-010	0
-1.481e-010	0
-1.48e-010	1
-1.479e-010	0
-1.478e-010	0
-1.477e-010	0
-1.476e-010	0
-1.475e-010	0
-1.474e-010	0
-1.473e-010	0
-1.472e-010	1
-1.471e-010	0
-1.47e-010	0
-1.469e-010	0
-1.468e-010	0
-1.467e-010	0
-1.466e-010	0
-1.465e-010	0
-1.464e-010	0
-1.463e-010	0
-1.462e-010	0
-1.461e-010	0
-1.46e-010	0
-1.459e-010	0
-1.458e-010	0
-1.457e-010	0
-1.456e-010	1
-1.455e-010	0
-1.454e-010	0
-1.453e-010	0
-1.452e-010	0
-1.451e-010	0
-1.45e-010	0
-1.449e-010	0
-1.448e-010	0
-1.447e-010	0
-1.446e-010	0
-1.445e-010	0
-1.444e-010	0
-1.443e-010	0
-1.442e-010	0
-1.441e-010	0
-1.44e-010	0
-1.439e-010	2
-1.438e-010	0
-1.437e-010	0
-1.436e-010	0
-1.435e-010	0
-1.434e-010	0
-1.433e-010	0
-1.432e-010	0
-1.431e-010	0
-1.43e-010	0
-1.429e-010	0
-1.428e-010	1
-1.427e-010	0
-1.426e-010	0
-1.425e-010	0
-1.424e-010	0
-1.423e-010	0
-1.422e-010	0
-1.421e-010	1
-1.42e-010	1
-1.419e-010	1
-1.418e-010	0
-1.417e-010	0
-1.416e-010	0
-1.415e-010	0
-1.414e-010	0
-1.413e-010	0
-1.412e-010	0
-1.411e-010	1
-1.41e-010	0
-1.409e-010	0
-1.408e-010	0
-1.407e-010	0
-1.406e-010	0
-1.405e-010	0
-1.404e-010	0
-1.403e-010	0
-1.402e-010	0
-1.401e-010	0
-1.4e-010	0
-1.399e-010	0
-1.398e-010	0
-1.397e-010	0
-1.396e-010	0
-1.395e-010	0
-1.394e-010	0
-1.393e-010	0
-1.392e-010	0
-1.391e-010	1
-1.39e-010	0
-1.389e-010	0
-1.388e-010	1
-1.387e-010	0
-1.386e-010	1
-1.385e-010	0
-1.384e-010	0
-1.383e-010	0
-1.382e-010	0
-1.381e-010	0
-1.38e-010	0
-1.379e-010	1
-1.378e-010	0
-1.377e-010	0
-1.376e-010	0
-1.375e-010	0
-1.374e-010	0
-1.373e-010	0
-1.372e-010	0
-1.371e-010	0
-1.37e-010	1
-1.369e-010	0
-1.368e-010	0
-1.367e-010	0
-1.366e-010	1
-1.365e-010	0
-1.364e-010	0
-1.363e-010	0
-1.362e-010	0
-1.361e-010	0
-1.36e-010	0
-1.359e-010	0
-1.358e-010	0
-1.357e-010	0
-1.356e-010	0
-1.355e-010	0
-1.354e-010	1
-1.353e-010	0
-1.352e-010	0
-1.351e-010	0
-1.35e-010	0
-1.349e-010	0
-1.348e-010	0
-1.347e-010	0
-1.346e-010	0
-1.345e-010	0
-1.344e-010	1
-1.343e-010	0
-1.342e-010	0
-1.341e-010	1
-1.34e-010	1
-1.339e-010	0
-1.338e-010	0
-1.337e-010	0
-1.336e-010	1
-1.335e-010	0
-1.334e-010	1
-1.333e-010	0
-1.332e-010	0
-1.331e-010	0
-1.33e-010	0
-1.329e-010	0
-1.328e-010	0
-1.327e-010	1
-1.326e-010	0
-1.325e-010	0
-1.324e-010	0
-1.323e-010	0
-1.322e-010	0
-1.321e-010	1
-1.32e-010	0
-1.319e-010	0
-1.318e-010	1
-1.317e-010	0
-1.316e-010	0
-1.315e-010	0
-1.314e-010	0
-1.313e-010	1
-1.312e-010	0
-1.311e-010	0
-1.31e-010	1
-1.309e-010	0
-1.308e-010	1
-1.307e-010	0
-1.306e-010	0
-1.305e-010	2
-1.304e-010	0
-1.303e-010	1
-1.302e-010	0
-1.301e-010	2
-1.3e-010	0
-1.299e-010	0
-1.298e-010	0
-1.297e-010	1
-1.296e-010	0
-1.295e-010	0
-1.294e-010	0
-1.293e-010	0
-1.292e-010	0
-1.291e-010	0
-1.29e-010	1
-1.289e-010	1
-1.288e-010	1
-1.287e-010	2
-1.286e-010	0
-1.285e-010	0
-1.284e-010	0
-1.283e-010	1
-1.282e-010	0
-1.281e-010	1
-1.28e-010	0
-1.279e-010	0
-1.278e-010	2
-1.277e-010	1
-1.276e-010	1
-1.275e-010	0
-1.274e-010	1
-1.273e-010	1
-1.272e-010	0
-1.271e-010	0
-1.27e-010	0
-1.269e-010	3
-1.268e-010	0
-1.267e-010	0
-1.266e-010	0
-1.265e-010	0
-1.264e-010	0
-1.263e-010	0
-1.262e-010	0
-1.261e-010	0
-1.26e-010	2
-1.259e-010	0
-1.258e-010	0
-1.257e-010	0
-1.256e-010	0
-1.255e-010	0
-1.254e-010	0
-1.253e-010	1
-1.252e-010	0
-1.251e-010	1
-1.25e-010	1
-1.249e-010	0
-1.248e-010	0
-1.247e-010	1
-1.246e-010	1
-1.245e-010	0
-1.244e-010	1
-1.243e-010	0
-1.242e-010	0
-1.241e-010	0
-1.24e-010	1
-1.239e-010	0
-1.238e-010	0
-1.237e-010	0
-1.236e-010	0
-1.235e-010	0
-1.234e-010	2
-1.233e-010	0
-1.232e-010	1
-1.231e-010	1
-1.23e-010	1
-1.229e-010	1
-1.228e-010	2
-1.227e-010	0
-1.226e-010	2
-1.225e-010	0
-1.224e-010	1
-1.223e-010	2
-1.222e-010	0
-1.221e-010	0
-1.22e-010	0
-1.219e-010	1
-1.218e-010	0
-1.217e-010	0
-1.216e-010	0
-1.215e-010	2
-1.214e-010	0
-1.213e-010	1
-1.212e-010	0
-1.211e-010	0
-1.21e-010	0
-1.209e-010	0
-1.208e-010	2
-1.207e-010	1
-1.206e-010	1
-1.205e-010	0
-1.204e-010	0
-1.203e-010	1
-1.202e-010	0
-1.201e-010	1
-1.2e-010	0
-1.199e-010	1
-1.198e-010	1
-1.197e-010	1
-1.196e-010	0
-1.195e-010	0
-1.194e-010	0
-1.193e-010	0
-1.192e-010	0
-1.191e-010	1
-1.19e-010	1
-1.189e-010	2
-1.188e-010	1
-1.187e-010	1
-1.186e-010	0
-1.185e-010	0
-1.184e-010	2
-1.183e-010	1
-1.182e-010	0
-1.181e-010	1
-1.18e-010	0
-1.179e-010	0
-1.178e-010	3
-1.177e-010	0
-1.176e-010	1
-1.175e-010	1
-1.174e-010	0
-1.173e-010	0
-1.172e-010	2
-1.171e-010	1
-1.17e-010	2
-1.169e-010	1
-1.168e-010	1
-1.167e-010	1
-1.166e-010	2
-1.165e-010	0
-1.164e-010	2
-1.163e-010	1
-1.162e-010	0
-1.161e-010	0
-1.16e-010	0
-1.159e-010	0
-1.158e-010	0
-1.157e-010	1
-1.156e-010	2
-1.155e-010	1
-1.154e-010	1
-1.153e-010	1
-1.152e-010	0
-1.151e-010	0
-1.15e-010	2
-1.149e-010	1
-1.148e-010	0
-1.147e-010	1
-1.146e-010	0
-1.145e-010	0
-1.144e-010	2
-1.143e-010	1
-1.142e-010	3
-1.141e-010	1
-1.14e-010	2
-1.139e-010	3
-1.138e-010	1
-1.137e-010	0
-1.136e-010	2
-1.135e-010	2
-1.134e-010	2
-1.133e-010	1
-1.132e-010	2
-1.131e-010	1
-1.13e-010	1
-1.129e-010	3
-1.128e-010	2
-1.127e-010	0
-1.126e-010	1
-1.125e-010	0
-1.124e-010	3
-1.123e-010	1
-1.122e-010	4
-1.121e-010	1
-1.12e-010	1
-1.119e-010	4
-1.118e-010	2
-1.117e-010	1
-1.116e-010	0
-1.115e-010	2
-1.114e-010	1
-1.113e-010	1
-1.112e-010	0
-1.111e-010	2
-1.11e-010	0
-1.109e-010	1
-1.108e-010	2
-1.107e-010	2
-1.106e-010	2
-1.105e-010	0
-1.104e-010	1
-1.103e-010	1
-1.102e-010	0
-1.101e-010	1
-1.1e-010	2
-1.099e-010	2
-1.098e-010	1
-1.097e-010	2
-1.096e-010	1
-1.095e-010	3
-1.094e-010	2
-1.093e-010	0
-1.092e-010	2
-1.091e-010	0
-1.09e-010	0
-1.089e-010	1
-1.088e-010	0
-1.087e-010	1
-1.086e-010	1
-1.085e-010	0
-1.084e-010	2
-1.083e-010	0
-1.082e-010	2
-1.081e-010	3
-1.08e-010	1
-1.079e-010	1
-1.078e-010	1
-1.077e-010	3
-1.076e-010	2
-1.075e-010	3
-1.074e-010	2
-1.073e-010	2
-1.072e-010	2
-1.071e-010	2
-1.07e-010	2
-1.069e-010	0
-1.068e-010	2
-1.067e-010	1
-1.066e-010	1
-1.065e-010	2
-1.064e-010	0
-1.063e-010	2
-1.062e-010	0
-1.061e-010	0
-1.06e-010	1
-1.059e-010	2
-1.058e-010	3
-1.057e-010	1
-1.056e-010	1
-1.055e-010	3
-1.054e-010	1
-1.053e-010	3
-1.052e-010	1
-1.051e-010	0
-1.05e-010	1
-1.049e-010	1
-1.048e-010	2
-1.047e-010	1
-1.046e-010	6
-1.045e-010	1
-1.044e-010	3
-1.043e-010	1
-1.042e-010	4
-1.041e-010	1
-1.04e-010	2
-1.039e-010	2
-1.038e-010	0
-1.037e-010	5
-1.036e-010	2
-1.035e-010	1
-1.034e-010	1
-1.033e-010	3
-1.032e-010	3
-1.031e-010	3
-1.03e-010	4
-1.029e-010	5
-1.028e-010	7
-1.027e-010	4
-1.026e-010	1
-1.025e-010	2
-1.024e-010	1
-1.023e-010	4
-1.022e-010	1
-1.021e-010	1
-1.02e-010	2
-1.019e-010	2
-1.018e-010	1
-1.017e-010	3
-1.016e-010	4
-1.015e-010	3
-1.014e-010	3
-1.013e-010	6
-1.012e-010	2
-1.011e-010	2
-1.01e-010	2
-1.009e-010	4
-1.008e-010	0
-1.007e-010	2
-1.006e-010	5
-1.005e-010	1
-1.004e-010	5
-1.003e-010	1
-1.002e-010	3
-1.001e-010	1
-1e-010	2
-9.99e-011	1
-9.98e-011	3
-9.97e-011	8
-9.96e-011	4
-9.95e-011	5
-9.94e-011	1
-9.93e-011	4
-9.92e-011	3
-9.91e-011	4
-9.9e-011	4
-9.89e-011	5
-9.88e-011	4
-9.87e-011	3
-9.86e-011	5
-9.85e-011	2
-9.84e-011	5
-9.83e-011	1
-9.82e-011	8
-9.81e-011	7
-9.8e-011	6
-9.79e-011	4
-9.78e-011	2
-9.77e-011	3
-9.76e-011	3
-9.75e-011	4
-9.74e-011	0
-9.73e-011	4
-9.72e-011	4
-9.71e-011	3
-9.7e-011	4
-9.69e-011	5
-9.68e-011	4
-9.67e-011	2
-9.66e-011	3
-9.65e-011	5
-9.64e-011	7
-9.63e-011	5
-9.62e-011	3
-9.61e-011	5
-9.6e-011	2
-9.59e-011	4
-9.58e-011	5
-9.57e-011	6
-9.56e-011	6
-9.55e-011	4
-9.54e-011	6
-9.53e-011	8
-9.52e-011	5
-9.51e-011	1
-9.5e-011	5
-9.49e-011	7
-9.48e-011	3
-9.47e-011	3
-9.46e-011	3
-9.45e-011	4
-9.44e-011	9
-9.43e-011	5
-9.42e-011	1
-9.41e-011	4
-9.4e-011	8
-9.39e-011	5
-9.38e-011	4
-9.37e-011	8
-9.36e-011	8
-9.35e-011	3
-9.34e-011	13
-9.33e-011	10
-9.32e-011	8
-9.31e-011	6
-9.3e-011	6
-9.29e-011	4
-9.28e-011	11
-9.27e-011	8
-9.26e-011	9
-9.25e-011	7
-9.24e-011	8
-9.23e-011	7
-9.22e-011	5
-9.21e-011	7
-9.2e-011	5
-9.19e-011	5
-9.18e-011	7
-9.17e-011	2
-9.16e-011	6
-9.15e-011	7
-9.14e-011	4
-9.13e-011	7
-9.12e-011	3
-9.11e-011	4
-9.1e-011	8
-9.09e-011	5
-9.08e-011	9
-9.07e-011	7
-9.06e-011	3
-9.05e-011	4
-9.04e-011	6
-9.03e-011	4
-9.02e-011	4
-9.01e-011	5
-9e-011	5
-8.99e-011	6
-8.98e-011	7
-8.97e-011	3
-8.96e-011	7
-8.95e-011	10
-8.94e-011	12
-8.93e-011	9
-8.92e-011	5
-8.91e-011	9
-8.9e-011	5
-8.89e-011	4
-8.88e-011	5
-8.87e-011	3
-8.86e-011	6
-8.85e-011	7
-8.84e-011	4
-8.83e-011	10
-8.82e-011	4
-8.81e-011	9
-8.8e-011	10
-8.79e-011	7
-8.78e-011	5
-8.77e-011	1
-8.76e-011	6
-8.75e-011	7
-8.74e-011	11
-8.73e-011	4
-8.72e-011	9
-8.71e-011	6
-8.7e-011	10
-8.69e-011	8
-8.68e-011	6
-8.67e-011	8
-8.66e-011	6
-8.65e-011	8
-8.64e-011	11
-8.63e-011	8
-8.62e-011	2
-8.61e-011	11
-8.6e-011	6
-8.59e-011	7
-8.58e-011	6
-8.57e-011	3
-8.56e-011	7
-8.55e-011	5
-8.54e-011	6
-8.53e-011	6
-8.52e-011	7
-8.51e-011	5
-8.5e-011	5
-8.49e-011	5
-8.48e-011	7
-8.47e-011	5
-8.46e-011	8
-8.45e-011	6
-8.44e-011	7
-8.43e-011	6
-8.42e-011	13
-8.41e-011	8
-8.4e-011	8
-8.39e-011	5
-8.38e-011	6
-8.37e-011	3
-8.36e-011	2
-8.35e-011	9
-8.34e-011	4
-8.33e-011	11
-8.32e-011	5
-8.31e-011	7
-8.3e-011	4
-8.29e-011	8
-8.28e-011	8
-8.27e-011	5
-8.26e-011	6
-8.25e-011	5
-8.24e-011	7
-8.23e-011	10
-8.22e-011	4
-8.21e-011	10
-8.2e-011	5
-8.19e-011	4
-8.18e-011	5
-8.17e-011	3
-8.16e-011	5
-8.15e-011	5
-8.14e-011	5
-8.13e-011	3
-8.12e-011	1
-8.11e-011	6
-8.1e-011	3
-8.09e-011	5
-8.08e-011	4
-8.07e-011	5
-8.06e-011	8
-8.05e-011	9
-8.04e-011	7
-8.03e-011	7
-8.02e-011	3
-8.01e-011	2
-8e-011	5
-7.99e-011	3
-7.98e-011	5
-7.97e-011	2
-7.96e-011	6
-7.95e-011	3
-7.94e-011	3
-7.93e-011	7
-7.92e-011	4
-7.91e-011	6
-7.9e-011	2
-7.89e-011	6
-7.88e-011	7
-7.87e-011	4
-7.86e-011	5
-7.85e-011	8
-7.84e-011	6
-7.83e-011	2
-7.82e-011	4
-7.81e-011	5
-7.8e-011	4
-7.79e-011	3
-7.78e-011	3
-7.77e-011	3
-7.76e-011	1
-7.75e-011	5
-7.74e-011	3
-7.73e-011	4
-7.72e-011	2
-7.71e-011	6
-7.7e-011	4
-7.69e-011	3
-7.68e-011	3
-7.67e-011	6
-7.66e-011	3
-7.65e-011	2
-7.64e-011	7
-7.63e-011	4
-7.62e-011	3
-7.61e-011	2
-7.6e-011	1
-7.59e-011	5
-7.58e-011	4
-7.57e-011	4
-7.56e-011	3
-7.55e-011	6
-7.54e-011	4
-7.53e-011	1
-7.52e-011	5
-7.51e-011	1
-7.5e-011	5
-7.49e-011	2
-7.48e-011	2
-7.47e-011	1
-7.46e-011	0
-7.45e-011	1
-7.44e-011	5
-7.43e-011	0
-7.42e-011	2
-7.41e-011	0
-7.4e-011	4
-7.39e-011	1
-7.38e-011	2
-7.37e-011	2
-7.36e-011	3
-7.35e-011	5
-7.34e-011	2
-7.33e-011	4
-7.32e-011	2
-7.31e-011	1
-7.3e-011	2
-7.29e-011	2
-7.28e-011	1
-7.27e-011	3
-7.26e-011	0
-7.25e-011	2
-7.24e-011	3
-7.23e-011	2
-7.22e-011	0
-7.21e-011	1
-7.2e-011	2
-7.19e-011	1
-7.18e-011	2
-7.17e-011	1
-7.16e-011	3
-7.15e-011	0
-7.14e-011	0
-7.13e-011	2
-7.12e-011	2
-7.11e-011	1
-7.1e-011	1
-7.09e-011	2
-7.08e-011	1
-7.07e-011	1
-7.06e-011	1
-7.05e-011	2
-7.04e-011	0
-7.03e-011	0
-7.02e-011	2
-7.01e-011	1
-7e-011	3
-6.99e-011	2
-6.98e-011	0
-6.97e-011	0
-6.96e-011	3
-6.95e-011	2
-6.94e-011	1
-6.93e-011	1
-6.92e-011	1
-6.91e-011	1
-6.9e-011	1
-6.89e-011	1
-6.88e-011	1
-6.87e-011	1
-6.86e-011	2
-6.85e-011	0
-6.84e-011	0
-6.83e-011	2
-6.82e-011	2
-6.81e-011	0
-6.8e-011	0
-6.79e-011	1
-6.78e-011	3
-6.77e-011	1
-6.76e-011	0
-6.75e-011	0
-6.74e-011	0
-6.73e-011	1
-6.72e-011	3
-6.71e-011	1
-6.7e-011	0
-6.69e-011	0
-6.68e-011	0
-6.67e-011	2
-6.66e-011	0
-6.65e-011	2
-6.64e-011	2
-6.63e-011	1
-6.62e-011	1
-6.61e-011	2
-6.6e-011	0
-6.59e-011	1
-6.58e-011	1
-6.57e-011	0
-6.56e-011	1
-6.55e-011	2
-6.54e-011	0
-6.53e-011	1
-6.52e-011	0
-6.51e-011	0
-6.5e-011	0
-6.49e-011	1
-6.48e-011	0
-6.47e-011	1
-6.46e-011	0
-6.45e-011	3
-6.44e-011	0
-6.43e-011	0
-6.42e-011	0
-6.41e-011	0
-6.4e-011	1
-6.39e-011	0
-6.38e-011	0
-6.37e-011	0
-6.36e-011	1
-6.35e-011	1
-6.34e-011	0
-6.33e-011	0
-6.32e-011	1
-6.31e-011	1
-6.3e-011	1
-6.29e-011	2
-6.28e-011	1
-6.27e-011	0
-6.26e-011	0
-6.25e-011	0
-6.24e-011	1
-6.23e-011	2
-6.22e-011	0
-6.21e-011	1
-6.2e-011	1
-6.19e-011	1
-6.18e-011	1
-6.17e-011	0
-6.16e-011	0
-6.15e-011	0
-6.14e-011	0
-6.13e-011	0
-6.12e-011	0
-6.11e-011	0
-6.1e-011	1
-6.09e-011	0
-6.08e-011	1
-6.07e-011	1
-6.06e-011	0
-6.05e-011	0
-6.04e-011	0
-6.03e-011	1
-6.02e-011	0
-6.01e-011	0
-6e-011	0
-5.99e-011	0
-5.98e-011	1
-5.97e-011	0
-5.96e-011	0
-5.95e-011	0
-5.94e-011	0
-5.93e-011	1
-5.92e-011	0
-5.91e-011	0
-5.9e-011	1
-5.89e-011	0
-5.88e-011	1
-5.87e-011	0
-5.86e-011	1
-5.85e-011	0
-5.84e-011	0
-5.83e-011	0
-5.82e-011	0
-5.81e-011	2
-5.8e-011	0
-5.79e-011	1
-5.78e-011	2
-5.77e-011	2
-5.76e-011	1
-5.75e-011	0
-5.74e-011	1
-5.73e-011	1
-5.72e-011	0
-5.71e-011	0
-5.7e-011	2
-5.69e-011	0
-5.68e-011	1
-5.67e-011	2
-5.66e-011	0
-5.65e-011	0
-5.64e-011	0
-5.63e-011	0
-5.62e-011	0
-5.61e-011	1
-5.6e-011	0
-5.59e-011	0
-5.58e-011	0
-5.57e-011	0
-5.56e-011	0
-5.55e-011	0
-5.54e-011	0
-5.53e-011	0
-5.52e-011	0
-5.51e-011	1
-5.5e-011	0
-5.49e-011	0
-5.48e-011	1
-5.47e-011	0
-5.46e-011	0
-5.45e-011	0
-5.44e-011	1
-5.43e-011	1
-5.42e-011	0
-5.41e-011	1
-5.4e-011	0
-5.39e-011	0
-5.38e-011	0
-5.37e-011	1
-5.36e-011	1
-5.35e-011	1
-5.34e-011	1
-5.33e-011	0
-5.32e-011	0
-5.31e-011	0
-5.3e-011	1
-5.29e-011	1
-5.28e-011	0
-5.27e-011	2
-5.26e-011	0
-5.25e-011	1
-5.24e-011	0
-5.23e-011	2
-5.22e-011	0
-5.21e-011	2
-5.2e-011	0
-5.19e-011	0
-5.18e-011	2
-5.17e-011	0
-5.16e-011	1
-5.15e-011	2
-5.14e-011	1
-5.13e-011	1
-5.12e-011	0
-5.11e-011	0
-5.1e-011	2
-5.09e-011	1
-5.08e-011	1
-5.07e-011	1
-5.06e-011	0
-5.05e-011	1
-5.04e-011	1
-5.03e-011	1
-5.02e-011	1
-5.01e-011	0
-5e-011	0
-4.99e-011	1
-4.98e-011	1
-4.97e-011	0
-4.96e-011	0
-4.95e-011	0
-4.94e-011	1
-4.93e-011	2
-4.92e-011	1
-4.91e-011	0
-4.9e-011	2
-4.89e-011	1
-4.88e-011	0
-4.87e-011	2
-4.86e-011	0
-4.85e-011	1
-4.84e-011	0
-4.83e-011	0
-4.82e-011	0
-4.81e-011	1
-4.8e-011	1
-4.79e-011	0
-4.78e-011	1
-4.77e-011	1
-4.76e-011	0
-4.75e-011	0
-4.74e-011	0
-4.73e-011	1
-4.72e-011	0
-4.71e-011	0
-4.7e-011	1
-4.69e-011	0
-4.68e-011	1
-4.67e-011	0
-4.66e-011	2
-4.65e-011	0
-4.64e-011	0
-4.63e-011	0
-4.62e-011	2
-4.61e-011	0
-4.6e-011	0
-4.59e-011	1
-4.58e-011	0
-4.57e-011	1
-4.56e-011	2
-4.55e-011	1
-4.54e-011	0
-4.53e-011	1
-4.52e-011	0
-4.51e-011	0
-4.5e-011	2
-4.49e-011	0
-4.48e-011	2
-4.47e-011	2
-4.46e-011	1
-4.45e-011	1
-4.44e-011	3
-4.43e-011	2
-4.42e-011	2
-4.41e-011	2
-4.4e-011	1
-4.39e-011	1
-4.38e-011	0
-4.37e-011	2
-4.36e-011	3
-4.35e-011	2
-4.34e-011	1
-4.33e-011	1
-4.32e-011	1
-4.31e-011	4
-4.3e-011	4
-4.29e-011	2
-4.28e-011	2
-4.27e-011	3
-4.26e-011	1
-4.25e-011	3
-4.24e-011	0
-4.23e-011	0
-4.22e-011	2
-4.21e-011	4
-4.2e-011	3
-4.19e-011	2
-4.18e-011	2
-4.17e-011	3
-4.16e-011	1
-4.15e-011	2
-4.14e-011	2
-4.13e-011	3
-4.12e-011	2
-4.11e-011	3
-4.1e-011	3
-4.09e-011	5
-4.08e-011	6
-4.07e-011	7
-4.06e-011	1
-4.05e-011	4
-4.04e-011	4
-4.03e-011	3
-4.02e-011	6
-4.01e-011	0
-4e-011	4
-3.99e-011	2
-3.98e-011	5
-3.97e-011	3
-3.96e-011	8
-3.95e-011	6
-3.94e-011	5
-3.93e-011	3
-3.92e-011	8
-3.91e-011	7
-3.9e-011	2
-3.89e-011	4
-3.88e-011	10
-3.87e-011	8
-3.86e-011	11
-3.85e-011	4
-3.84e-011	11
-3.83e-011	6
-3.82e-011	10
-3.81e-011	8
-3.8e-011	8
-3.79e-011	11
-3.78e-011	15
-3.77e-011	7
-3.76e-011	10
-3.75e-011	9
-3.74e-011	5
-3.73e-011	7
-3.72e-011	10
-3.71e-011	4
-3.7e-011	5
-3.69e-011	5
-3.68e-011	10
-3.67e-011	6
-3.66e-011	12
-3.65e-011	15
-3.64e-011	9
-3.63e-011	10
-3.62e-011	8
-3.61e-011	14
-3.6e-011	11
-3.59e-011	7
-3.58e-011	18
-3.57e-011	15
-3.56e-011	12
-3.55e-011	19
-3.54e-011	17
-3.53e-011	11
-3.52e-011	18
-3.51e-011	19
-3.5e-011	17
-3.49e-011	13
-3.48e-011	20
-3.47e-011	23
-3.46e-011	20
-3.45e-011	20
-3.44e-011	19
-3.43e-011	22
-3.42e-011	13
-3.41e-011	15
-3.4e-011	20
-3.39e-011	17
-3.38e-011	21
-3.37e-011	11
-3.36e-011	16
-3.35e-011	18
-3.34e-011	20
-3.33e-011	25
-3.32e-011	18
-3.31e-011	18
-3.3e-011	18
-3.29e-011	19
-3.28e-011	16
-3.27e-011	18
-3.26e-011	27
-3.25e-011	25
-3.24e-011	20
-3.23e-011	26
-3.22e-011	26
-3.21e-011	36
-3.2e-011	21
-3.19e-011	25
-3.18e-011	27
-3.17e-011	25
-3.16e-011	22
-3.15e-011	24
-3.14e-011	30
-3.13e-011	30
-3.12e-011	34
-3.11e-011	40
-3.1e-011	29
-3.09e-011	29
-3.08e-011	35
-3.07e-011	41
-3.06e-011	36
-3.05e-011	27
-3.04e-011	38
-3.03e-011	37
-3.02e-011	29
-3.01e-011	32
-3e-011	33
-2.99e-011	41
-2.98e-011	32
-2.97e-011	42
-2.96e-011	42
-2.95e-011	34
-2.94e-011	31
-2.93e-011	38
-2.92e-011	42
-2.91e-011	32
-2.9e-011	38
-2.89e-011	38
-2.88e-011	41
-2.87e-011	35
-2.86e-011	44
-2.85e-011	39
-2.84e-011	29
-2.83e-011	30
-2.82e-011	48
-2.81e-011	44
-2.8e-011	48
-2.79e-011	34
-2.78e-011	50
-2.77e-011	37
-2.76e-011	43
-2.75e-011	49
-2.74e-011	46
-2.73e-011	37
-2.72e-011	42
-2.71e-011	35
-2.7e-011	65
-2.69e-011	47
-2.68e-011	47
-2.67e-011	45
-2.66e-011	56
-2.65e-011	48
-2.64e-011	45
-2.63e-011	38
-2.62e-011	43
-2.61e-011	45
-2.6e-011	51
-2.59e-011	42
-2.58e-011	63
-2.57e-011	46
-2.56e-011	45
-2.55e-011	43
-2.54e-011	50
-2.53e-011	62
-2.52e-011	51
-2.51e-011	57
-2.5e-011	43
-2.49e-011	54
-2.48e-011	45
-2.47e-011	46
-2.46e-011	55
-2.45e-011	51
-2.44e-011	32
-2.43e-011	50
-2.42e-011	53
-2.41e-011	58
-2.4e-011	51
-2.39e-011	43
-2.38e-011	50
-2.37e-011	34
-2.36e-011	39
-2.35e-011	38
-2.34e-011	49
-2.33e-011	44
-2.32e-011	52
-2.31e-011	45
-2.3e-011	46
-2.29e-011	37
-2.28e-011	53
-2.27e-011	36
-2.26e-011	55
-2.25e-011	55
-2.24e-011	43
-2.23e-011	51
-2.22e-011	45
-2.21e-011	44
-2.2e-011	54
-2.19e-011	52
-2.18e-011	47
-2.17e-011	40
-2.16e-011	43
-2.15e-011	58
-2.14e-011	40
-2.13e-011	57
-2.12e-011	44
-2.11e-011	45
-2.1e-011	42
-2.09e-011	36
-2.08e-011	38
-2.07e-011	28
-2.06e-011	31
-2.05e-011	39
-2.04e-011	40
-2.03e-011	44
-2.02e-011	43
-2.01e-011	39
-2e-011	32
-1.99e-011	39
-1.98e-011	33
-1.97e-011	37
-1.96e-011	41
-1.95e-011	25
-1.94e-011	42
-1.93e-011	29
-1.92e-011	27
-1.91e-011	32
-1.9e-011	33
-1.89e-011	25
-1.88e-011	35
-1.87e-011	43
-1.86e-011	27
-1.85e-011	33
-1.84e-011	31
-1.83e-011	34
-1.82e-011	35
-1.81e-011	37
-1.8e-011	29
-1.79e-011	30
-1.78e-011	30
-1.77e-011	28
-1.76e-011	22
-1.75e-011	30
-1.74e-011	18
-1.73e-011	24
-1.72e-011	23
-1.71e-011	19
-1.7e-011	19
-1.69e-011	16
-1.68e-011	12
-1.67e-011	24
-1.66e-011	22
-1.65e-011	23
-1.64e-011	26
-1.63e-011	17
-1.62e-011	18
-1.61e-011	15
-1.6e-011	17
-1.59e-011	24
-1.58e-011	22
-1.57e-011	19
-1.56e-011	17
-1.55e-011	22
-1.54e-011	16
-1.53e-011	19
-1.52e-011	15
-1.51e-011	9
-1.5e-011	17
-1.49e-011	13
-1.48e-011	10
-1.47e-011	18
-1.46e-011	12
-1.45e-011	17
-1.44e-011	20
-1.43e-011	18
-1.42e-011	18
-1.41e-011	12
-1.4e-011	9
-1.39e-011	13
-1.38e-011	10
-1.37e-011	11
-1.36e-011	16
-1.35e-011	12
-1.34e-011	6
-1.33e-011	17
-1.32e-011	9
-1.31e-011	12
-1.3e-011	13
-1.29e-011	4
-1.28e-011	6
-1.27e-011	9
-1.26e-011	4
-1.25e-011	6
-1.24e-011	10
-1.23e-011	7
-1.22e-011	7
-1.21e-011	8
-1.2e-011	5
-1.19e-011	9
-1.18e-011	4
-1.17e-011	6
-1.16e-011	8
-1.15e-011	7
-1.14e-011	6
-1.13e-011	7
-1.12e-011	6
-1.11e-011	8
-1.1e-011	0
-1.09e-011	9
-1.08e-011	6
-1.07e-011	5
-1.06e-011	4
-1.05e-011	5
-1.04e-011	5
-1.03e-011	3
-1.02e-011	7
-1.01e-011	2
-1e-011	2
-9.9e-012	1
-9.8e-012	5
-9.7e-012	6
-9.6e-012	4
-9.5e-012	2
-9.4e-012	7
-9.3e-012	2
-9.2e-012	3
-9.1e-012	4
-9e-012	2
-8.9e-012	1
-8.8e-012	2
-8.7e-012	0
-8.6e-012	3
-8.5e-012	4
-8.4e-012	2
-8.3e-012	3
-8.2e-012	2
-8.1e-012	2
-8e-012	1
-7.9e-012	2
-7.8e-012	3
-7.7e-012	3
-7.6e-012	2
-7.5e-012	3
-7.4e-012	0
-7.3e-012	1
-7.2e-012	1
-7.1e-012	2
-7e-012	1
-6.9e-012	1
-6.8e-012	2
-6.7e-012	1
-6.6e-012	3
-6.5e-012	1
-6.4e-012	0
-6.3e-012	1
-6.2e-012	0
-6.1e-012	0
-6e-012	0
-5.9e-012	2
-5.8e-012	0
-5.7e-012	1
-5.6e-012	0
-5.5e-012	2
-5.4e-012	0
-5.3e-012	1
-5.2e-012	0
-5.1e-012	0
-5e-012	0
-4.9e-012	0
-4.8e-012	0
-4.7e-012	0
-4.6e-012	1
-4.5e-012	0
-4.4e-012	0
-4.3e-012	0
-4.2e-012	0
-4.1e-012	0
-4e-012	0
-3.9e-012	0
-3.8e-012	0
-3.7e-012	0
-3.6e-012	0
-3.5e-012	0
-3.4e-012	2
-3.3e-012	0
-3.2e-012	0
-3.1e-012	0
-3e-012	0
-2.9e-012	0
-2.8e-012	1
-2.7e-012	0
-2.6e-012	0
-2.5e-012	0
-2.4e-012	1
-2.3e-012	0
-2.2e-012	0
-2.1e-012	0
-2e-012	0
-1.9e-012	0
-1.8e-012	0
-1.7e-012	0
-1.6e-012	0
-1.5e-012	0
-1.4e-012	0
-1.3e-012	1
-1.2e-012	0
-1.1e-012	0
-1e-012	0
-9e-013	0
-8e-013	0
-7e-013	0
-6e-013	0
-5e-013	0
-4e-013	0
-3e-013	0
-2e-013	0
-1e-013	0
4.8242e-024	0
1e-013	0
2e-013	0
3e-013	0
4e-013	1
5e-013	0
6e-013	0
7e-013	1
8e-013	0
9e-013	0
1e-012	0
1.1e-012	0
1.2e-012	0
1.3e-012	0
1.4e-012	0
1.5e-012	0
1.6e-012	0
1.7e-012	0
1.8e-012	0
1.9e-012	0
2e-012	0
2.1e-012	0
2.2e-012	0
2.3e-012	0
2.4e-012	0
2.5e-012	0
2.6e-012	0
2.7e-012	0
2.8e-012	0
2.9e-012	0
3e-012	0
3.1e-012	0
3.2e-012	0
3.3e-012	0
3.4e-012	0
3.5e-012	0
3.6e-012	0
3.7e-012	0
3.8e-012	0
3.9e-012	0
4e-012	0
4.1e-012	0
4.2e-012	0
4.3e-012	0
4.4e-012	0
4.5e-012	0
4.6e-012	0
4.7e-012	0
4.8e-012	0
4.9e-012	0
5e-012	0
5.1e-012	0
5.2e-012	0
5.3e-012	0
5.4e-012	0
5.5e-012	0
5.6e-012	0
5.7e-012	0
5.8e-012	0
5.9e-012	0
6e-012	0
6.1e-012	0
6.2e-012	0
6.3e-012	0
6.4e-012	0
6.5e-012	0
6.6e-012	0
6.7e-012	0
6.8e-012	0
6.9e-012	0
7e-012	0
7.1e-012	0
7.2e-012	0
7.3e-012	0
7.4e-012	0
7.5e-012	0
7.6e-012	0
7.7e-012	0
7.8e-012	0
7.9e-012	0
8e-012	0
8.1e-012	0
8.2e-012	0
8.3e-012	0
8.4e-012	0
8.5e-012	0
8.6e-012	0
8.7e-012	0
8.8e-012	0
8.9e-012	0
9e-012	0
9.1e-012	0
9.2e-012	0
9.3e-012	0
9.4e-012	0
9.5e-012	0
9.6e-012	0
9.7e-012	0
9.8e-012	0
9.9e-012	0
1e-011	0
1.01e-011	0
1.02e-011	0
1.03e-011	0
1.04e-011	0
1.05e-011	0
1.06e-011	0
1.07e-011	0
1.08e-011	0
1.09e-011	0
1.1e-011	0
1.11e-011	0
1.12e-011	0
1.13e-011	0
1.14e-011	0
1.15e-011	0
1.16e-011	0
1.17e-011	0
1.18e-011	0
1.19e-011	0
1.2e-011	0
1.21e-011	0
1.22e-011	0
1.23e-011	0
1.24e-011	0
1.25e-011	0
1.26e-011	0
1.27e-011	0
1.28e-011	0
1.29e-011	0
1.3e-011	0
1.31e-011	0
1.32e-011	0
1.33e-011	0
1.34e-011	0
1.35e-011	0
1.36e-011	0
1.37e-011	0
1.38e-011	0
1.39e-011	0
1.4e-011	0
1.41e-011	0
1.42e-011	0
1.43e-011	0
1.44e-011	0
1.45e-011	0
1.46e-011	0
1.47e-011	0
1.48e-011	0
1.49e-011	0
1.5e-011	0
1.51e-011	0
1.52e-011	0
1.53e-011	0
1.54e-011	0
1.55e-011	0
1.56e-011	0
1.57e-011	0
1.58e-011	0
1.59e-011	0
1.6e-011	0
1.61e-011	0
1.62e-011	0
1.63e-011	0
1.64e-011	0
1.65e-011	0
1.66e-011	0
1.67e-011	0
1.68e-011	0
1.69e-011	0
1.7e-011	0
1.71e-011	0
1.72e-011	0
1.73e-011	0
1.74e-011	0
1.75e-011	0
1.76e-011	0
1.77e-011	0
1.78e-011	0
1.79e-011	0
1.8e-011	0
1.81e-011	0
1.82e-011	0
1.83e-011	0
1.84e-011	0
1.85e-011	0
1.86e-011	0
1.87e-011	0
1.88e-011	0
1.89e-011	0
1.9e-011	0
1.91e-011	0
1.92e-011	0
1.93e-011	0
1.94e-011	0
1.95e-011	0
1.96e-011	0
1.97e-011	0
1.98e-011	0
1.99e-011	0
2e-011	0
2.01e-011	0
2.02e-011	0
2.03e-011	0
2.04e-011	0
2.05e-011	0
2.06e-011	0
2.07e-011	0
2.08e-011	0
2.09e-011	0
2.1e-011	0
2.11e-011	0
2.12e-011	0
2.13e-011	0
2.14e-011	0
2.15e-011	0
2.16e-011	0
2.17e-011	0
2.18e-011	0
2.19e-011	0
2.2e-011	0
2.21e-011	0
2.22e-011	0
2.23e-011	0
2.24e-011	0
2.25e-011	0
2.26e-011	0
2.27e-011	0
2.28e-011	0
2.29e-011	0
2.3e-011	0
2.31e-011	0
2.32e-011	0
2.33e-011	0
2.34e-011	0
2.35e-011	0
2.36e-011	0
2.37e-011	0
2.38e-011	0
2.39e-011	0
2.4e-011	0
2.41e-011	0
2.42e-011	0
2.43e-011	0
2.44e-011	0
2.45e-011	0
2.46e-011	0
2.47e-011	0
2.48e-011	0
2.49e-011	0
2.5e-011	0
2.51e-011	0
2.52e-011	0
2.53e-011	0
2.54e-011	0
2.55e-011	0
2.56e-011	0
2.57e-011	0
2.58e-011	0
2.59e-011	0
2.6e-011	0
2.61e-011	0
2.62e-011	0
2.63e-011	0
2.64e-011	0
2.65e-011	0
2.66e-011	0
2.67e-011	0
2.68e-011	0
2.69e-011	0
2.7e-011	0
2.71e-011	0
2.72e-011	0
2.73e-011	0
2.74e-011	0
2.75e-011	0
2.76e-011	0
2.77e-011	0
2.78e-011	0
2.79e-011	0
2.8e-011	0
2.81e-011	0
2.82e-011	0
2.83e-011	0
2.84e-011	0
2.85e-011	0
2.86e-011	0
2.87e-011	0
2.88e-011	0
2.89e-011	0
2.9e-011	0
2.91e-011	0
2.92e-011	0
2.93e-011	0
2.94e-011	0
2.95e-011	0
2.96e-011	0
2.97e-011	0
2.98e-011	0
2.99e-011	0
3e-011	0
3.01e-011	0
3.02e-011	0
3.03e-011	0
3.04e-011	0
3.05e-011	0
3.06e-011	0
3.07e-011	0
3.08e-011	0
3.09e-011	0
3.1e-011	0
3.11e-011	0
3.12e-011	0
3.13e-011	0
3.14e-011	0
3.15e-011	0
3.16e-011	0
3.17e-011	0
3.18e-011	0
3.19e-011	0
3.2e-011	0
3.21e-011	0
3.22e-011	0
3.23e-011	0
3.24e-011	0
3.25e-011	0
3.26e-011	0
3.27e-011	0
3.28e-011	0
3.29e-011	0
3.3e-011	0
3.31e-011	0
3.32e-011	0
3.33e-011	0
3.34e-011	0
3.35e-011	0
3.36e-011	0
3.37e-011	0
3.38e-011	0
3.39e-011	0
3.4e-011	0
3.41e-011	0
3.42e-011	0
3.43e-011	0
3.44e-011	0
3.45e-011	0
3.46e-011	0
3.47e-011	0
3.48e-011	0
3.49e-011	0
3.5e-011	0
3.51e-011	0
3.52e-011	0
3.53e-011	0
3.54e-011	0
3.55e-011	0
3.56e-011	0
3.57e-011	0
3.58e-011	0
3.59e-011	0
3.6e-011	0
3.61e-011	0
3.62e-011	0
3.63e-011	0
3.64e-011	0
3.65e-011	0
3.66e-011	0
3.67e-011	0
