1,11,16,51,53
1,8,15,18,43,44,49,50,51,53
1,9,17,18,42,45,46,48,51
1,8,10,13,15,17,18,40,41,42,44,47,48,49,51,55
1,8,10,18,40,41,43,50,53
1,9,19,40,43,46,54,55
1,9,10,11,12,14,20,41,42,44,45,46,47,49,50,53,54,55
1,10,13,14,17,40,41,43,46,49,51,52,54,55
1,12,13,14,15,17,40,41,42,43,45,48,51,54
1,9,11,18,50,53,55
1,12,18,19,42,52
1,14,15,17,18,19,20,21,22,23,32,33,34,35,36,37,38,39,48,49,50,51,52,53,54,55
1,8,19,47,49,50
1,12,23,42,52
1,12,15,17,19,40,42,43,49,50
1,9,11,12,16,41,47,50,53,55
1,12,15,20,40,43,44,46,47,48,55
1,8,9,11,12,14,15,20,23,40,41,42,43,44,45,47,48,49,50,51,52,54
1,8,10,16,19,40,43,44,46,51,52
1,12,15,16,17,18,19,20,21,22,23,40,41,42,43,44,45,46,47
1,10,13,15,16,43,53,55
1,10,13,16,55
1,10,19,41,46,49,51
1,10,13,16,19,40,45,46,49,52,54
1,15,17,43,44,47,48,49,50,51
1,11,12,16,40,46,48,51
1,8,9,11,12,15,22,23,41,42,44,45,47,48,49,50,53,55
1,8,10,11,13,15,17,42,45,49,53,54
1,11,16,19,41,47,52,54,55
1,9,11,12,17,40,41,43,44,45,49,50,51,52,54
1,15,17,42,52,54
1,11,12,14,15,16,19,43,44,49,52,54
1,8,10,12,13,15,18,21,41,42,45,46,48,49,50,51,53,55
1,11,12,15,16,43,44,47,48,55
1,8,9,11,15,21,22,23,40,41,42,43,44,45,46,47
1,9,12,14,19,21,48,49,55
1,8,10,16,55
1,9,11,12,15,19,20,21,40,43,44,45,46,49,50,53,54,55
1,11,12,20,40,41,43,48,52,53,55
1,15,23,40,41,54
1,10,12,13,14,19,41,42,48,51,55
1,8,10,13,16,43,44,47,48,51,52,53
1,8,10,20,40,46,51,52,54
1,8,9,10,13,14,15,21,48,51
1,12,18,42,45,46,51,52
1,8,15,18,40,44,46,51,52
1,8,15,16,17,18,19,20,21,22,23,41,42,43,44,45,46,47
1,9,13,14,20,40,42,43,46,49,54
1,9,20,44,47,53,55
1,14,20,40,44,53,54,55
1,9,13,14,21,45,46,48,49,50,54
1,13,18,43,53
1,13,18,41,47,48,49,50,51
1,8,10,13,15,16,19,40,41,42,44,47,48,49,51,52,53,55
1,8,17,41,42,49
1,8,16,40,42,54
1,10,19,44,46,50,51
1,9,14,20,45,46,48
1,8,19,20,41,48,50,53
1,9,11,12,13,14,15,21,22,40,43,44,45,46,47,48,50,51,52,53,54,55
1,8,16,17,18,19,20,21,22,23
1,9,11,16,18,42,44,45,47,53,55
1,9,14,20,43,44,45,47,49,51,52,54
1,13,14,16,54,55
1,14,20,40,55
1,9,13,14,19,40,41,43,46,49,52,54
1,12,15,23,47,49,54
1,14,23,40,54,55
1,12,23,41,42,52
1,9,14,18,41,42,43,45,46,47,48,49,50,53,54
1,12,15,23,45,52
1,11,12,15,20,41,42,45,46,49,50,51,53,55
1,9,13,14,20,21,51,52,53,54
1,9,16,42,45,46,48,49
1,12,23,41,45
1,12,15,16,40,41,43,44,48,49,53,55
1,8,10,15,17,23,44,47,48,51,53,55
1,9,11,12,23,41,42,45,50,53,55
1,9,11,12,16,50,53,55
1,13,17,41,43,52,53
1,9,17,22,42,45,48,51
1,13,16,43,53
1,11,12,16,17,18,41,44,47,52,54
1,8,10,12,15,16,19,53,55
1,11,13,17,41,47,49,50,52
1,9,14,17,41,44,47,51,52,54
1,10,13,16,42,45,46,49,52,54
1,8,15,16,40,46,49,51,52,53,54,55
1,8,9,10,11,13,14,21,40,41,43,44,45,46,49,50,52,54
1,8,10,11,12,13,14,15,19,20,41,42,44,45,46,49,50,51,53,54,55
1,12,23,44,46,47,49,50,51
1,8,10,13,23,40,43,51,53
1,8,10,19,42,43,44,46,50,51,55
1,15,17,19,40,41,54
1,12,14,15,16,40,53,55
1,13,14,16,41,45,46,47,50
1,11,13,16,44,46
1,11,19,45,51
1,13,14,16,41,42,49,50,51
1,9,11,17,44,47,51,52,54
1,8,16,44,47,49,50
1,9,14,18,42,44,45,46,47,49,50,51,52,53,54,55
1,15,16,48,50
1,14,15,23,40,45,46,48,55
1,8,9,10,11,12,13,15,18,21,41,42,44,45,46,47,48,49,50,53,54,55
1,8,9,10,11,13,14,15,18,19,21,41,42,43,44,45,47,48,49,50,51,52,53,54,55
1,10,13,19,41,49,50,51,52,53
1,11,12,19,43,48,50,52,54,55
1,8,18,47,49
1,10,13,16,17,40,45,46,48,53,55
1,11,12,15,17,41,44,45,47,48,51,53,55
1,8,12,15,17,18,40,46,49,50,53
1,11,12,17,40,42,43,44,45,47,48,52,55
1,8,15,16,40,45,46,51,52,53,54
1,8,10,13,17,41,42,43,44,47,48,51,53,55
1,11,19,40,46,48,50
1,8,14,15,22,23,48,49,50,51,52,53,54,55
1,10,16,41,49,50
1,8,16,47,48,49,51
1,11,12,17,23,41,52,54
1,8,9,11,12,13,14,15,18,40,41,42,43,44,45,46,47,48,49,50,51,52,54
1,10,13,17,23,41,42,44,45,48,49,53,54,55
1,13,14,17,42,44,47,48,50,52
1,8,9,10,11,12,14,15,19,21,40,41,47,48,50,52,54
1,9,11,20,43,48,52,55
1,9,11,19,41,42,51,52,54
1,8,10,12,15,16,19,40,41,42,44,47,48,51,52,53,54,55
1,15,19,40,42,53,54,55
1,8,10,18,40,43,45,50,53
1,14,15,20,42,44,45,52
1,8,9,10,11,12,14,15,18,21,40,41,42,43,44,45,46,48,49,51,52,53,54,55
1,10,11,12,17,19,44,46,48,49,51
1,12,15,16,40,43,48,51
1,14,16,40,41,53,55
1,8,15,16,42,43,44,49,50,51
1,9,11,12,17,23,41,42,45,50,51,52,54
1,8,9,10,11,13,14,18,21,40,42,43,45,46,49,50,51,52,54
1,13,14,16,40,55
1,8,10,17,45,46,47,52,53,55
1,9,14,23,41,42,47,50,52,53,55
1,11,18,44,45,49,51
1,11,12,23,43,44,48,54,55
1,8,10,12,18,21,43,44,48,50,53,54
1,9,11,14,16,41,42,49,50,51,52,53
1,14,16,17,18,19,20,21,22,23,40,47,49,50,51,52,53,54
1,13,17,43,50,53,55
1,9,14,21,45,48,51
1,12,15,19,20,41,42,44,47,48,53,54,55
1,15,16,17,18,19,20,21,22,23,40,41,42,43,44,45,46,47
1,13,14,17,23,41,47,50,53
1,9,13,14,21,41,47,48,51,52,54
1,8,9,18,21,40,42,45,48,53,55
1,8,10,12,15,16,17,18,41,42,45,47,48,53,55
1,9,13,14,15,17,42,45,46,47,49,50,51,53,54
1,10,13,20,43,53
1,8,10,15,16,40,43,44,48,51,52,53
1,8,10,18,40,41,43,44,50,53,54,55
1,10,16,40,53
1,9,14,20,46,48
1,12,15,23,40,43,46,48,51
1,11,12,13,18,20,41,45,47,50,51
1,11,12,17,43,44,48,53,55
1,9,10,13,14,22,41,42,47,48,50,51,52
1,9,11,22,48
1,11,12,15,19,40,41,42,45,47,48,50,53,55
1,8,9,10,11,12,13,14,15,21,43,44,45,46,47,48,49,51,52,53,54,55
1,8,15,17,40,44,46,51,52
1,9,11,12,14,15,20,23,40,41,43,44,46,47,49,50,51,52,54
1,15,17,43,45,46,52
1,13,16,17,18,19,20,21,22,23,48,49,50,51,52,53,54,55
1,8,9,10,11,12,13,14,15,16,17,18,19,20,21,22,23
1,13,18,43,44,50,51,53
1,8,9,10,11,13,14,20,23,41,42,45,46,47,48,49,50,52,53,54
1,15,16,47,49,54
1,8,9,10,11,12,13,14,15,18,19,20,40,41,42,43,44,45,46,47,48,49,50,51,52,53,54,55
1,11,12,20,54
1,12,18,42,44,51,52,53,54
1,8,9,11,12,15,22,41,42,44,45,46,47,48,50,51,53,54,55
1,9,11,14,23,41,42,50,52,53
1,10,13,22,23,43,44,47,50
1,8,16,44,47,49,50
1,8,9,23,42,44,47,49,50,51,54
1,11,12,15,23,40,43,46,49,50,51,54
1,12,15,19,43,44,48,51
1,9,11,19,41,44,46,47,53,55
1,8,12,15,20,23,41,42,45,46,48,49,50,53,55
1,10,13,16,41,42,45,46,49,52,54
1,9,14,20,44,47,53
1,14,16,43,49,53,54,55
1,8,10,13,14,15,16,40,41,42,44,45,47,48,51,52,53,55
1,8,9,11,12,14,15,17,23,41,42,44,45,46,47,48,49,50,51,52,53,54,55
1,9,11,12,21,53,55
1,9,21,40,48,53,55
1,13,17,46,47,50
1,14,15,19,41,54,55
1,8,10,11,15,16,17,18,19,41,42,43,44,45,46,47,48,49,50,53,55
1,11,12,17,40,43,44,48,55
1,10,17,18,40,45,46,53,55
1,11,20,46,48,51
1,10,13,14,20,41,42,46,47,48,50,51,55
1,11,12,17,18,43,44,47,49,50,52,54
1,9,12,14,15,18,22,44,45,46,47,48,49,54
1,8,10,11,12,16,40,41,42,44,49,50,51,52,53,54,55
1,11,17,40,46,48
1,8,15,23,40,43,49,50
1,9,14,22,46,48,49,53,55
1,8,19,47,49
1,10,13,18,45,46,53,55
1,13,19,21,47,50
1,14,15,16,40,55
1,12,15,17,43,44,45,48,51,55
1,9,11,23,51,52
1,14,19,45,46,48,55
1,9,11,17,19,44,47,53,55
1,13,16,40,53,55
1,11,12,16,40,43,48
1,8,20,41,42,49,54
1,12,18,40,42,43,44,52,54
1,8,10,13,14,17,23,41,43,44,47,48,50,51,52,55
1,9,14,23,40,42,45,48,50,51
1,13,14,22,23,41,42,44,47,48,51,52
1,8,15,16,17,40,43,44,48,51,52,53
1,10,13,17,41,42,47,49
1,9,11,23,44,47,52,54
1,8,10,13,16,19,40,43,44,48,51,52,54,55
1,8,9,10,11,12,13,14,15,16,17,18,19,20,21,22,23,40,41,42,43,44,45,46,47,52,55
1,8,10,13,14,19,41,43,44,47,48,51,52,54
1,10,13,17,45,46,48,53,55
1,14,19,42,45,48,49,51
1,9,11,17,23,48,51
1,10,12,13,14,19,41,42,45,49,50,51,52,53
1,9,10,13,14,16,18,40,43,44,46,49,51,52,54
1,11,16,40,44,46,48,51,52
1,13,14,18,40,48,54,55
1,12,16,22,41,44,45,49,50,52
1,8,10,13,23,44,52,54
1,10,13,14,17,18,19,42,43,45,49,50,54
1,15,19,44,47,49,51,52,53,54
1,9,11,12,17,40,42,43,46,49,50,54
1,12,16,40,42,52
1,10,13,20,53
1,8,10,13,14,19,20,21,41,43,44,47,48,51,52,54,55
1,9,11,12,22,51
1,8,16,42,43,54
1,9,10,11,23,40,44,47,49,50,52,53,54,55
1,9,11,12,23,42,53,55
1,8,10,14,15,17,40,41,42,43,46,47,51,52,53
1,10,13,19,40,45,46,47,53,55
1,8,15,20,40,43,44,46,49,50,53,54
1,8,10,15,23,40,42,45,46,48,53,55
1,8,10,11,12,15,19,55
1,13,14,18,41,42,47,48,51,52,54
1,8,15,17,43,49,50
1,12,15,16,45,46,51,52,54
1,8,13,15,18,20,40,43,46,50,52,53,54
1,8,10,18,40,45,46,51,52,54
1,9,13,14,17,42,45,46,48,51
1,9,14,16,44,53,54,55
1,13,14,16,45,47,50,53
1,9,11,18,43,44,48,53,55
1,9,13,14,19,43,44,53,55
1,8,18,44,47,49,54
1,10,13,16,40,42,43,49,53,54
1,8,10,16,53,54,55
1,11,16,45,47,48,51
1,10,13,18,40,41,44,46,53,55
1,13,14,23,40,43,52,53
1,9,20,43,47,55
1,15,18,42,52
1,10,13,14,17,23,40,44,46,49,52,54
1,8,9,10,11,12,13,14,15,17,18,46,48,49,50,51,52,53,54,55
1,10,13,14,23,41,42,45,48,51,52,55
1,9,11,14,22,40,43,44,47,49,52,54
1,8,10,17,19,40,46,50,53,55
1,8,9,10,11,12,13,14,15,23,49,50,52,53,54,55
1,8,12,15,16,40,42,43,44,48,51
1,15,18,41,54
1,15,23,40,41,54,55
1,9,23,43,44,53,55
1,9,14,19,41,42,45,46,47,51,52,53
1,8,10,13,15,19,50,51,52,54
1,8,10,17,19,40,46,47,48,50,53,54
1,9,11,12,18,44,46,47,48,51,53,55
1,14,16,40,41,55
1,11,12,17,51,52
1,13,14,16,41,46,47,49,50
1,10,13,14,16,40,43,44,46,49,50,51,52,54
1,11,16,46,48,50
1,8,10,12,15,20,23,40,41,42,44,45,46,47,48,50,51,53,55
1,11,18,45,46,50,51,52
1,9,14,18,41,42,43,44,51,52
1,15,16,50,52
1,13,19,21,43,44,51,53
1,14,19,20,44,47,51,53,55
1,8,9,10,11,12,15,16,18,19,40,42,43,44,46,47,49,50,52,53,54,55
1,8,10,13,17,42,45,46,52,54
1,8,9,10,11,13,14,20,41,42,45,46,47,48,51,52,53,55
1,13,14,20,41,42,47,48,51,52
1,9,20,46,48,50
1,11,12,15,23,41,42,50,53,55
1,12,15,19,41,47,49,54
1,8,10,12,13,15,16,17,19,40,41,43,44,47,48,51,52,54,55
1,10,23,42,44,49,50
1,9,11,17,45,46,48
1,12,13,15,18,44,47,49,53,54
1,14,17,43,53,55
1,11,23,40,42,43,48
1,9,21,43,55
1,13,23,45,46,47,48,51,55
1,9,11,18,21,42,51,52
1,8,15,17,40,41,42,43,46,49,50,51,52,53,55
1,11,16,46,48,50,51
1,8,19,49,54
1,11,20,45,51,52
1,9,23,43,44,55
1,11,23,42,43,44,45,48,50,51,53,54,55
1,13,14,17,40,46,47,48,55
1,9,13,14,23,40,43,44,51,52,54
1,11,12,15,23,40,43,49,50,52,54
1,11,12,16,40,41,43,48,49,55
1,8,10,12,15,16,41,42,45,46,48,50,52,53,55
1,13,14,15,19,20,41,47,49,50,54,55
1,10,13,18,42,45,46,48,52,53,55
1,14,20,44,47,53,55
1,9,21,40,53,55
1,8,10,12,13,15,20,23,51
1,9,17,43,44,45,52,53,55
1,11,12,15,17,49,50,51,53,55
1,13,18,40,42,44,46,49,50,53
1,9,10,11,20,23,41,42,51,52,55
1,12,13,15,23,40,43,44,47,48,51,55
1,8,12,15,16,41,44,46,47,48,50,51,53,55
1,9,11,12,13,14,21,41,42,44,45,46,47,48,49,50,53,55
1,9,11,14,18,41,42,44,45,46,47,49,50,52,53,54
1,11,12,23,40,41,43,52,54
1,8,15,23,44,45,46,51,52
1,14,18,40,42,43,48,51,53,55
1,14,23,46,48,55
1,9,11,16,48,55
1,13,14,17,44,47,50,53
1,8,9,10,11,12,13,14,16,17,18,19,22,23,40,41,42,43,44,45,48,49,50,51,52,53,54
1,12,15,19,42,43,44,47,48,51,55
1,15,18,42,45,51,52,53
1,8,9,10,13,14,18,41,42,43,44,47,48,51,52,53,54
1,11,12,19,40
1,11,19,44,45,47,51,53
1,11,20,40,43,48
1,8,10,13,15,16,19,40,45,46,47,49,52,53,54
1,9,11,14,18,50,53
1,10,12,13,14,20,41,42,48,50,51,52,55
1,8,10,13,15,17,18,40,45,46,52,53,54
1,14,23,40,42,44,46,47,49,53
1,10,13,16,40,42,53,55
1,8,10,13,14,15,20,23,40,41,42,45,46,48,49,50,51,52,54
1,10,15,17,23,41,42,45,46,47,48,51,53,55
1,8,10,13,18,42,43,45,46,47,48,53,54,55
1,9,11,19,41,43,47,53,54,55
1,8,9,14,19,41,42,43,44,48,51,52
1,15,20,42,43,44,45,46,49,50,51,52,55
1,11,13,19,40,43,48
1,9,13,14,16,42,43,44,45,49,50
1,8,10,15,16,18,21,43,44,46,47,48,51,52
1,8,23,42,44,45,47,49,54,55
1,12,15,18,40,44,46,47,50,51,52
1,15,23,41,42,47,49,54
1,9,11,18,21,41,44,47,52,53,54,55
1,8,10,11,12,13,14,15,20,21,41,42,43,44,45,46,47,48,49,50,51,52,53,54,55
