-7.16e-010	0
-7.155e-010	0
-7.15e-010	0
-7.145e-010	0
-7.14e-010	0
-7.135e-010	0
-7.13e-010	0
-7.125e-010	0
-7.12e-010	0
-7.115e-010	0
-7.11e-010	0
-7.105e-010	0
-7.1e-010	0
-7.095e-010	0
-7.09e-010	0
-7.085e-010	0
-7.08e-010	0
-7.075e-010	0
-7.07e-010	0
-7.065e-010	0
-7.06e-010	0
-7.055e-010	0
-7.05e-010	0
-7.045e-010	0
-7.04e-010	0
-7.035e-010	0
-7.03e-010	0
-7.025e-010	0
-7.02e-010	0
-7.015e-010	0
-7.01e-010	0
-7.005e-010	0
-7e-010	0
-6.995e-010	0
-6.99e-010	0
-6.985e-010	0
-6.98e-010	0
-6.975e-010	0
-6.97e-010	0
-6.965e-010	0
-6.96e-010	0
-6.955e-010	0
-6.95e-010	0
-6.945e-010	0
-6.94e-010	0
-6.935e-010	0
-6.93e-010	0
-6.925e-010	0
-6.92e-010	0
-6.915e-010	0
-6.91e-010	0
-6.905e-010	0
-6.9e-010	0
-6.895e-010	0
-6.89e-010	0
-6.885e-010	0
-6.88e-010	0
-6.875e-010	0
-6.87e-010	0
-6.865e-010	0
-6.86e-010	0
-6.855e-010	0
-6.85e-010	0
-6.845e-010	0
-6.84e-010	0
-6.835e-010	0
-6.83e-010	0
-6.825e-010	0
-6.82e-010	0
-6.815e-010	0
-6.81e-010	0
-6.805e-010	0
-6.8e-010	0
-6.795e-010	0
-6.79e-010	0
-6.785e-010	0
-6.78e-010	0
-6.775e-010	0
-6.77e-010	0
-6.765e-010	0
-6.76e-010	0
-6.755e-010	0
-6.75e-010	0
-6.745e-010	0
-6.74e-010	0
-6.735e-010	0
-6.73e-010	0
-6.725e-010	0
-6.72e-010	0
-6.715e-010	0
-6.71e-010	0
-6.705e-010	0
-6.7e-010	0
-6.695e-010	0
-6.69e-010	0
-6.685e-010	0
-6.68e-010	0
-6.675e-010	0
-6.67e-010	0
-6.665e-010	0
-6.66e-010	0
-6.655e-010	0
-6.65e-010	0
-6.645e-010	0
-6.64e-010	0
-6.635e-010	0
-6.63e-010	0
-6.625e-010	0
-6.62e-010	0
-6.615e-010	0
-6.61e-010	0
-6.605e-010	0
-6.6e-010	0
-6.595e-010	0
-6.59e-010	0
-6.585e-010	0
-6.58e-010	0
-6.575e-010	0
-6.57e-010	0
-6.565e-010	0
-6.56e-010	0
-6.555e-010	0
-6.55e-010	0
-6.545e-010	0
-6.54e-010	0
-6.535e-010	0
-6.53e-010	0
-6.525e-010	0
-6.52e-010	0
-6.515e-010	0
-6.51e-010	0
-6.505e-010	0
-6.5e-010	0
-6.495e-010	0
-6.49e-010	0
-6.485e-010	0
-6.48e-010	0
-6.475e-010	0
-6.47e-010	0
-6.465e-010	0
-6.46e-010	0
-6.455e-010	0
-6.45e-010	0
-6.445e-010	0
-6.44e-010	0
-6.435e-010	0
-6.43e-010	0
-6.425e-010	0
-6.42e-010	0
-6.415e-010	0
-6.41e-010	0
-6.405e-010	0
-6.4e-010	0
-6.395e-010	0
-6.39e-010	0
-6.385e-010	0
-6.38e-010	0
-6.375e-010	0
-6.37e-010	0
-6.365e-010	0
-6.36e-010	0
-6.355e-010	0
-6.35e-010	0
-6.345e-010	0
-6.34e-010	0
-6.335e-010	0
-6.33e-010	0
-6.325e-010	0
-6.32e-010	0
-6.315e-010	0
-6.31e-010	0
-6.305e-010	0
-6.3e-010	0
-6.295e-010	0
-6.29e-010	0
-6.285e-010	0
-6.28e-010	0
-6.275e-010	0
-6.27e-010	0
-6.265e-010	0
-6.26e-010	0
-6.255e-010	0
-6.25e-010	0
-6.245e-010	0
-6.24e-010	0
-6.235e-010	0
-6.23e-010	0
-6.225e-010	0
-6.22e-010	0
-6.215e-010	0
-6.21e-010	0
-6.205e-010	0
-6.2e-010	0
-6.195e-010	0
-6.19e-010	0
-6.185e-010	0
-6.18e-010	0
-6.175e-010	0
-6.17e-010	0
-6.165e-010	0
-6.16e-010	0
-6.155e-010	0
-6.15e-010	0
-6.145e-010	0
-6.14e-010	0
-6.135e-010	0
-6.13e-010	0
-6.125e-010	0
-6.12e-010	0
-6.115e-010	0
-6.11e-010	0
-6.105e-010	0
-6.1e-010	0
-6.095e-010	0
-6.09e-010	0
-6.085e-010	0
-6.08e-010	0
-6.075e-010	0
-6.07e-010	0
-6.065e-010	0
-6.06e-010	0
-6.055e-010	0
-6.05e-010	0
-6.045e-010	0
-6.04e-010	0
-6.035e-010	0
-6.03e-010	0
-6.025e-010	0
-6.02e-010	0
-6.015e-010	0
-6.01e-010	0
-6.005e-010	0
-6e-010	0
-5.995e-010	0
-5.99e-010	0
-5.985e-010	0
-5.98e-010	0
-5.975e-010	0
-5.97e-010	0
-5.965e-010	0
-5.96e-010	0
-5.955e-010	0
-5.95e-010	0
-5.945e-010	0
-5.94e-010	0
-5.935e-010	0
-5.93e-010	0
-5.925e-010	0
-5.92e-010	0
-5.915e-010	0
-5.91e-010	0
-5.905e-010	0
-5.9e-010	0
-5.895e-010	0
-5.89e-010	0
-5.885e-010	0
-5.88e-010	0
-5.875e-010	0
-5.87e-010	0
-5.865e-010	0
-5.86e-010	0
-5.855e-010	0
-5.85e-010	0
-5.845e-010	0
-5.84e-010	0
-5.835e-010	0
-5.83e-010	0
-5.825e-010	0
-5.82e-010	0
-5.815e-010	0
-5.81e-010	0
-5.805e-010	0
-5.8e-010	0
-5.795e-010	0
-5.79e-010	0
-5.785e-010	0
-5.78e-010	0
-5.775e-010	0
-5.77e-010	0
-5.765e-010	0
-5.76e-010	0
-5.755e-010	0
-5.75e-010	0
-5.745e-010	0
-5.74e-010	0
-5.735e-010	0
-5.73e-010	0
-5.725e-010	0
-5.72e-010	0
-5.715e-010	0
-5.71e-010	0
-5.705e-010	0
-5.7e-010	0
-5.695e-010	0
-5.69e-010	0
-5.685e-010	0
-5.68e-010	0
-5.675e-010	0
-5.67e-010	0
-5.665e-010	0
-5.66e-010	0
-5.655e-010	0
-5.65e-010	0
-5.645e-010	1
-5.64e-010	0
-5.635e-010	0
-5.63e-010	0
-5.625e-010	0
-5.62e-010	0
-5.615e-010	0
-5.61e-010	0
-5.605e-010	0
-5.6e-010	0
-5.595e-010	0
-5.59e-010	0
-5.585e-010	0
-5.58e-010	0
-5.575e-010	0
-5.57e-010	0
-5.565e-010	0
-5.56e-010	0
-5.555e-010	0
-5.55e-010	0
-5.545e-010	0
-5.54e-010	0
-5.535e-010	0
-5.53e-010	0
-5.525e-010	0
-5.52e-010	0
-5.515e-010	0
-5.51e-010	0
-5.505e-010	0
-5.5e-010	0
-5.495e-010	0
-5.49e-010	0
-5.485e-010	1
-5.48e-010	0
-5.475e-010	0
-5.47e-010	0
-5.465e-010	0
-5.46e-010	0
-5.455e-010	0
-5.45e-010	0
-5.445e-010	0
-5.44e-010	0
-5.435e-010	0
-5.43e-010	0
-5.425e-010	0
-5.42e-010	0
-5.415e-010	0
-5.41e-010	0
-5.405e-010	0
-5.4e-010	0
-5.395e-010	0
-5.39e-010	0
-5.385e-010	0
-5.38e-010	0
-5.375e-010	0
-5.37e-010	0
-5.365e-010	0
-5.36e-010	0
-5.355e-010	0
-5.35e-010	0
-5.345e-010	0
-5.34e-010	0
-5.335e-010	0
-5.33e-010	0
-5.325e-010	0
-5.32e-010	0
-5.315e-010	1
-5.31e-010	0
-5.305e-010	0
-5.3e-010	0
-5.295e-010	0
-5.29e-010	0
-5.285e-010	0
-5.28e-010	0
-5.275e-010	0
-5.27e-010	0
-5.265e-010	0
-5.26e-010	0
-5.255e-010	0
-5.25e-010	0
-5.245e-010	0
-5.24e-010	0
-5.235e-010	0
-5.23e-010	0
-5.225e-010	0
-5.22e-010	0
-5.215e-010	0
-5.21e-010	0
-5.205e-010	0
-5.2e-010	0
-5.195e-010	0
-5.19e-010	0
-5.185e-010	0
-5.18e-010	0
-5.175e-010	0
-5.17e-010	0
-5.165e-010	0
-5.16e-010	0
-5.155e-010	1
-5.15e-010	0
-5.145e-010	1
-5.14e-010	0
-5.135e-010	0
-5.13e-010	1
-5.125e-010	0
-5.12e-010	0
-5.115e-010	0
-5.11e-010	0
-5.105e-010	0
-5.1e-010	0
-5.095e-010	0
-5.09e-010	0
-5.085e-010	0
-5.08e-010	0
-5.075e-010	0
-5.07e-010	0
-5.065e-010	0
-5.06e-010	0
-5.055e-010	0
-5.05e-010	0
-5.045e-010	0
-5.04e-010	0
-5.035e-010	0
-5.03e-010	0
-5.025e-010	0
-5.02e-010	0
-5.015e-010	0
-5.01e-010	0
-5.005e-010	0
-5e-010	0
-4.995e-010	0
-4.99e-010	0
-4.985e-010	0
-4.98e-010	0
-4.975e-010	0
-4.97e-010	0
-4.965e-010	0
-4.96e-010	0
-4.955e-010	0
-4.95e-010	0
-4.945e-010	0
-4.94e-010	0
-4.935e-010	0
-4.93e-010	0
-4.925e-010	0
-4.92e-010	0
-4.915e-010	1
-4.91e-010	0
-4.905e-010	0
-4.9e-010	0
-4.895e-010	0
-4.89e-010	0
-4.885e-010	0
-4.88e-010	0
-4.875e-010	1
-4.87e-010	0
-4.865e-010	1
-4.86e-010	1
-4.855e-010	0
-4.85e-010	0
-4.845e-010	0
-4.84e-010	0
-4.835e-010	0
-4.83e-010	0
-4.825e-010	0
-4.82e-010	0
-4.815e-010	0
-4.81e-010	1
-4.805e-010	1
-4.8e-010	0
-4.795e-010	0
-4.79e-010	0
-4.785e-010	0
-4.78e-010	0
-4.775e-010	0
-4.77e-010	0
-4.765e-010	0
-4.76e-010	0
-4.755e-010	0
-4.75e-010	1
-4.745e-010	0
-4.74e-010	1
-4.735e-010	0
-4.73e-010	0
-4.725e-010	0
-4.72e-010	1
-4.715e-010	0
-4.71e-010	0
-4.705e-010	0
-4.7e-010	0
-4.695e-010	0
-4.69e-010	1
-4.685e-010	0
-4.68e-010	1
-4.675e-010	0
-4.67e-010	0
-4.665e-010	0
-4.66e-010	0
-4.655e-010	0
-4.65e-010	0
-4.645e-010	0
-4.64e-010	1
-4.635e-010	0
-4.63e-010	0
-4.625e-010	0
-4.62e-010	0
-4.615e-010	0
-4.61e-010	0
-4.605e-010	0
-4.6e-010	0
-4.595e-010	0
-4.59e-010	0
-4.585e-010	1
-4.58e-010	0
-4.575e-010	1
-4.57e-010	0
-4.565e-010	0
-4.56e-010	0
-4.555e-010	0
-4.55e-010	0
-4.545e-010	0
-4.54e-010	0
-4.535e-010	0
-4.53e-010	0
-4.525e-010	0
-4.52e-010	1
-4.515e-010	1
-4.51e-010	1
-4.505e-010	0
-4.5e-010	0
-4.495e-010	0
-4.49e-010	0
-4.485e-010	0
-4.48e-010	1
-4.475e-010	0
-4.47e-010	1
-4.465e-010	1
-4.46e-010	0
-4.455e-010	0
-4.45e-010	0
-4.445e-010	0
-4.44e-010	0
-4.435e-010	0
-4.43e-010	0
-4.425e-010	1
-4.42e-010	0
-4.415e-010	0
-4.41e-010	0
-4.405e-010	1
-4.4e-010	0
-4.395e-010	0
-4.39e-010	0
-4.385e-010	1
-4.38e-010	0
-4.375e-010	1
-4.37e-010	1
-4.365e-010	3
-4.36e-010	0
-4.355e-010	0
-4.35e-010	0
-4.345e-010	0
-4.34e-010	0
-4.335e-010	1
-4.33e-010	1
-4.325e-010	0
-4.32e-010	1
-4.315e-010	1
-4.31e-010	0
-4.305e-010	0
-4.3e-010	0
-4.295e-010	0
-4.29e-010	0
-4.285e-010	0
-4.28e-010	0
-4.275e-010	0
-4.27e-010	1
-4.265e-010	1
-4.26e-010	0
-4.255e-010	0
-4.25e-010	0
-4.245e-010	2
-4.24e-010	0
-4.235e-010	0
-4.23e-010	1
-4.225e-010	0
-4.22e-010	0
-4.215e-010	0
-4.21e-010	0
-4.205e-010	1
-4.2e-010	0
-4.195e-010	0
-4.19e-010	0
-4.185e-010	1
-4.18e-010	2
-4.175e-010	1
-4.17e-010	0
-4.165e-010	2
-4.16e-010	0
-4.155e-010	0
-4.15e-010	0
-4.145e-010	0
-4.14e-010	0
-4.135e-010	0
-4.13e-010	1
-4.125e-010	0
-4.12e-010	0
-4.115e-010	0
-4.11e-010	0
-4.105e-010	1
-4.1e-010	0
-4.095e-010	0
-4.09e-010	0
-4.085e-010	0
-4.08e-010	0
-4.075e-010	1
-4.07e-010	0
-4.065e-010	0
-4.06e-010	1
-4.055e-010	0
-4.05e-010	0
-4.045e-010	0
-4.04e-010	0
-4.035e-010	0
-4.03e-010	0
-4.025e-010	0
-4.02e-010	0
-4.015e-010	0
-4.01e-010	0
-4.005e-010	0
-4e-010	4
-3.995e-010	0
-3.99e-010	1
-3.985e-010	0
-3.98e-010	0
-3.975e-010	0
-3.97e-010	1
-3.965e-010	0
-3.96e-010	0
-3.955e-010	0
-3.95e-010	0
-3.945e-010	0
-3.94e-010	0
-3.935e-010	0
-3.93e-010	0
-3.925e-010	0
-3.92e-010	0
-3.915e-010	1
-3.91e-010	0
-3.905e-010	0
-3.9e-010	0
-3.895e-010	1
-3.89e-010	0
-3.885e-010	1
-3.88e-010	0
-3.875e-010	1
-3.87e-010	2
-3.865e-010	0
-3.86e-010	2
-3.855e-010	0
-3.85e-010	1
-3.845e-010	0
-3.84e-010	0
-3.835e-010	0
-3.83e-010	3
-3.825e-010	1
-3.82e-010	2
-3.815e-010	0
-3.81e-010	0
-3.805e-010	1
-3.8e-010	0
-3.795e-010	0
-3.79e-010	0
-3.785e-010	2
-3.78e-010	0
-3.775e-010	1
-3.77e-010	0
-3.765e-010	0
-3.76e-010	0
-3.755e-010	0
-3.75e-010	0
-3.745e-010	1
-3.74e-010	2
-3.735e-010	0
-3.73e-010	1
-3.725e-010	1
-3.72e-010	1
-3.715e-010	0
-3.71e-010	0
-3.705e-010	0
-3.7e-010	0
-3.695e-010	0
-3.69e-010	2
-3.685e-010	1
-3.68e-010	0
-3.675e-010	0
-3.67e-010	0
-3.665e-010	1
-3.66e-010	0
-3.655e-010	2
-3.65e-010	1
-3.645e-010	1
-3.64e-010	2
-3.635e-010	0
-3.63e-010	1
-3.625e-010	0
-3.62e-010	2
-3.615e-010	0
-3.61e-010	1
-3.605e-010	0
-3.6e-010	2
-3.595e-010	2
-3.59e-010	0
-3.585e-010	0
-3.58e-010	2
-3.575e-010	2
-3.57e-010	0
-3.565e-010	0
-3.56e-010	0
-3.555e-010	1
-3.55e-010	2
-3.545e-010	0
-3.54e-010	2
-3.535e-010	1
-3.53e-010	0
-3.525e-010	0
-3.52e-010	2
-3.515e-010	0
-3.51e-010	0
-3.505e-010	0
-3.5e-010	0
-3.495e-010	2
-3.49e-010	1
-3.485e-010	0
-3.48e-010	0
-3.475e-010	0
-3.47e-010	2
-3.465e-010	2
-3.46e-010	2
-3.455e-010	1
-3.45e-010	1
-3.445e-010	0
-3.44e-010	0
-3.435e-010	1
-3.43e-010	0
-3.425e-010	1
-3.42e-010	2
-3.415e-010	0
-3.41e-010	0
-3.405e-010	1
-3.4e-010	0
-3.395e-010	0
-3.39e-010	2
-3.385e-010	0
-3.38e-010	0
-3.375e-010	1
-3.37e-010	1
-3.365e-010	2
-3.36e-010	3
-3.355e-010	2
-3.35e-010	1
-3.345e-010	2
-3.34e-010	1
-3.335e-010	0
-3.33e-010	5
-3.325e-010	0
-3.32e-010	1
-3.315e-010	0
-3.31e-010	0
-3.305e-010	0
-3.3e-010	0
-3.295e-010	1
-3.29e-010	0
-3.285e-010	1
-3.28e-010	0
-3.275e-010	0
-3.27e-010	1
-3.265e-010	0
-3.26e-010	1
-3.255e-010	0
-3.25e-010	0
-3.245e-010	0
-3.24e-010	3
-3.235e-010	1
-3.23e-010	6
-3.225e-010	4
-3.22e-010	0
-3.215e-010	1
-3.21e-010	1
-3.205e-010	0
-3.2e-010	1
-3.195e-010	0
-3.19e-010	0
-3.185e-010	1
-3.18e-010	0
-3.175e-010	0
-3.17e-010	2
-3.165e-010	4
-3.16e-010	0
-3.155e-010	0
-3.15e-010	2
-3.145e-010	0
-3.14e-010	0
-3.135e-010	0
-3.13e-010	0
-3.125e-010	1
-3.12e-010	1
-3.115e-010	0
-3.11e-010	0
-3.105e-010	0
-3.1e-010	1
-3.095e-010	0
-3.09e-010	1
-3.085e-010	3
-3.08e-010	0
-3.075e-010	1
-3.07e-010	1
-3.065e-010	1
-3.06e-010	0
-3.055e-010	1
-3.05e-010	0
-3.045e-010	1
-3.04e-010	2
-3.035e-010	0
-3.03e-010	1
-3.025e-010	0
-3.02e-010	0
-3.015e-010	0
-3.01e-010	0
-3.005e-010	2
-3e-010	0
-2.995e-010	0
-2.99e-010	3
-2.985e-010	0
-2.98e-010	0
-2.975e-010	0
-2.97e-010	0
-2.965e-010	1
-2.96e-010	2
-2.955e-010	2
-2.95e-010	1
-2.945e-010	0
-2.94e-010	0
-2.935e-010	1
-2.93e-010	0
-2.925e-010	0
-2.92e-010	1
-2.915e-010	0
-2.91e-010	0
-2.905e-010	0
-2.9e-010	1
-2.895e-010	0
-2.89e-010	2
-2.885e-010	0
-2.88e-010	0
-2.875e-010	0
-2.87e-010	1
-2.865e-010	0
-2.86e-010	1
-2.855e-010	0
-2.85e-010	1
-2.845e-010	0
-2.84e-010	1
-2.835e-010	0
-2.83e-010	1
-2.825e-010	0
-2.82e-010	0
-2.815e-010	0
-2.81e-010	1
-2.805e-010	0
-2.8e-010	0
-2.795e-010	0
-2.79e-010	1
-2.785e-010	0
-2.78e-010	1
-2.775e-010	0
-2.77e-010	0
-2.765e-010	0
-2.76e-010	2
-2.755e-010	1
-2.75e-010	0
-2.745e-010	1
-2.74e-010	0
-2.735e-010	3
-2.73e-010	1
-2.725e-010	0
-2.72e-010	0
-2.715e-010	1
-2.71e-010	0
-2.705e-010	0
-2.7e-010	0
-2.695e-010	0
-2.69e-010	0
-2.685e-010	1
-2.68e-010	1
-2.675e-010	1
-2.67e-010	1
-2.665e-010	0
-2.66e-010	0
-2.655e-010	1
-2.65e-010	0
-2.645e-010	1
-2.64e-010	1
-2.635e-010	0
-2.63e-010	0
-2.625e-010	2
-2.62e-010	0
-2.615e-010	0
-2.61e-010	1
-2.605e-010	0
-2.6e-010	0
-2.595e-010	1
-2.59e-010	1
-2.585e-010	0
-2.58e-010	0
-2.575e-010	0
-2.57e-010	0
-2.565e-010	0
-2.56e-010	0
-2.555e-010	0
-2.55e-010	1
-2.545e-010	0
-2.54e-010	0
-2.535e-010	0
-2.53e-010	0
-2.525e-010	0
-2.52e-010	0
-2.515e-010	0
-2.51e-010	1
-2.505e-010	0
-2.5e-010	0
-2.495e-010	0
-2.49e-010	0
-2.485e-010	1
-2.48e-010	1
-2.475e-010	0
-2.47e-010	0
-2.465e-010	2
-2.46e-010	0
-2.455e-010	1
-2.45e-010	0
-2.445e-010	0
-2.44e-010	0
-2.435e-010	0
-2.43e-010	0
-2.425e-010	0
-2.42e-010	0
-2.415e-010	0
-2.41e-010	0
-2.405e-010	0
-2.4e-010	2
-2.395e-010	0
-2.39e-010	1
-2.385e-010	0
-2.38e-010	1
-2.375e-010	0
-2.37e-010	0
-2.365e-010	0
-2.36e-010	0
-2.355e-010	0
-2.35e-010	0
-2.345e-010	0
-2.34e-010	1
-2.335e-010	0
-2.33e-010	0
-2.325e-010	1
-2.32e-010	0
-2.315e-010	0
-2.31e-010	1
-2.305e-010	0
-2.3e-010	0
-2.295e-010	0
-2.29e-010	1
-2.285e-010	0
-2.28e-010	0
-2.275e-010	0
-2.27e-010	0
-2.265e-010	1
-2.26e-010	0
-2.255e-010	0
-2.25e-010	0
-2.245e-010	0
-2.24e-010	1
-2.235e-010	0
-2.23e-010	1
-2.225e-010	0
-2.22e-010	2
-2.215e-010	0
-2.21e-010	0
-2.205e-010	4
-2.2e-010	0
-2.195e-010	0
-2.19e-010	1
-2.185e-010	0
-2.18e-010	0
-2.175e-010	1
-2.17e-010	0
-2.165e-010	1
-2.16e-010	0
-2.155e-010	0
-2.15e-010	0
-2.145e-010	1
-2.14e-010	0
-2.135e-010	2
-2.13e-010	1
-2.125e-010	0
-2.12e-010	0
-2.115e-010	0
-2.11e-010	0
-2.105e-010	1
-2.1e-010	2
-2.095e-010	3
-2.09e-010	1
-2.085e-010	1
-2.08e-010	1
-2.075e-010	2
-2.07e-010	0
-2.065e-010	0
-2.06e-010	0
-2.055e-010	0
-2.05e-010	1
-2.045e-010	1
-2.04e-010	1
-2.035e-010	0
-2.03e-010	1
-2.025e-010	0
-2.02e-010	1
-2.015e-010	2
-2.01e-010	0
-2.005e-010	0
-2e-010	1
-1.995e-010	1
-1.99e-010	1
-1.985e-010	0
-1.98e-010	1
-1.975e-010	0
-1.97e-010	0
-1.965e-010	0
-1.96e-010	1
-1.955e-010	0
-1.95e-010	0
-1.945e-010	2
-1.94e-010	1
-1.935e-010	1
-1.93e-010	1
-1.925e-010	1
-1.92e-010	2
-1.915e-010	2
-1.91e-010	0
-1.905e-010	2
-1.9e-010	0
-1.895e-010	0
-1.89e-010	0
-1.885e-010	0
-1.88e-010	1
-1.875e-010	0
-1.87e-010	1
-1.865e-010	3
-1.86e-010	0
-1.855e-010	1
-1.85e-010	3
-1.845e-010	1
-1.84e-010	2
-1.835e-010	5
-1.83e-010	2
-1.825e-010	1
-1.82e-010	2
-1.815e-010	4
-1.81e-010	1
-1.805e-010	0
-1.8e-010	2
-1.795e-010	3
-1.79e-010	1
-1.785e-010	1
-1.78e-010	1
-1.775e-010	4
-1.77e-010	0
-1.765e-010	1
-1.76e-010	5
-1.755e-010	1
-1.75e-010	2
-1.745e-010	1
-1.74e-010	1
-1.735e-010	2
-1.73e-010	2
-1.725e-010	1
-1.72e-010	2
-1.715e-010	1
-1.71e-010	1
-1.705e-010	1
-1.7e-010	1
-1.695e-010	1
-1.69e-010	3
-1.685e-010	1
-1.68e-010	2
-1.675e-010	6
-1.67e-010	1
-1.665e-010	4
-1.66e-010	2
-1.655e-010	5
-1.65e-010	3
-1.645e-010	6
-1.64e-010	3
-1.635e-010	4
-1.63e-010	5
-1.625e-010	4
-1.62e-010	3
-1.615e-010	6
-1.61e-010	3
-1.605e-010	6
-1.6e-010	0
-1.595e-010	7
-1.59e-010	5
-1.585e-010	3
-1.58e-010	7
-1.575e-010	4
-1.57e-010	3
-1.565e-010	3
-1.56e-010	2
-1.555e-010	7
-1.55e-010	3
-1.545e-010	5
-1.54e-010	5
-1.535e-010	2
-1.53e-010	10
-1.525e-010	3
-1.52e-010	3
-1.515e-010	5
-1.51e-010	6
-1.505e-010	7
-1.5e-010	9
-1.495e-010	2
-1.49e-010	7
-1.485e-010	12
-1.48e-010	2
-1.475e-010	5
-1.47e-010	7
-1.465e-010	5
-1.46e-010	6
-1.455e-010	3
-1.45e-010	8
-1.445e-010	4
-1.44e-010	4
-1.435e-010	4
-1.43e-010	8
-1.425e-010	6
-1.42e-010	6
-1.415e-010	5
-1.41e-010	6
-1.405e-010	6
-1.4e-010	10
-1.395e-010	7
-1.39e-010	4
-1.385e-010	11
-1.38e-010	11
-1.375e-010	3
-1.37e-010	10
-1.365e-010	12
-1.36e-010	8
-1.355e-010	11
-1.35e-010	9
-1.345e-010	8
-1.34e-010	8
-1.335e-010	12
-1.33e-010	8
-1.325e-010	6
-1.32e-010	11
-1.315e-010	9
-1.31e-010	11
-1.305e-010	15
-1.3e-010	12
-1.295e-010	11
-1.29e-010	12
-1.285e-010	16
-1.28e-010	11
-1.275e-010	14
-1.27e-010	7
-1.265e-010	14
-1.26e-010	8
-1.255e-010	8
-1.25e-010	11
-1.245e-010	13
-1.24e-010	13
-1.235e-010	16
-1.23e-010	13
-1.225e-010	17
-1.22e-010	14
-1.215e-010	15
-1.21e-010	11
-1.205e-010	19
-1.2e-010	16
-1.195e-010	12
-1.19e-010	17
-1.185e-010	12
-1.18e-010	23
-1.175e-010	18
-1.17e-010	16
-1.165e-010	17
-1.16e-010	22
-1.155e-010	22
-1.15e-010	14
-1.145e-010	28
-1.14e-010	19
-1.135e-010	22
-1.13e-010	18
-1.125e-010	23
-1.12e-010	15
-1.115e-010	23
-1.11e-010	27
-1.105e-010	24
-1.1e-010	21
-1.095e-010	20
-1.09e-010	19
-1.085e-010	18
-1.08e-010	26
-1.075e-010	24
-1.07e-010	20
-1.065e-010	19
-1.06e-010	18
-1.055e-010	21
-1.05e-010	18
-1.045e-010	21
-1.04e-010	15
-1.035e-010	22
-1.03e-010	26
-1.025e-010	20
-1.02e-010	16
-1.015e-010	27
-1.01e-010	16
-1.005e-010	25
-1e-010	20
-9.95e-011	27
-9.9e-011	22
-9.85e-011	21
-9.8e-011	16
-9.75e-011	24
-9.7e-011	16
-9.65e-011	12
-9.6e-011	9
-9.55e-011	15
-9.5e-011	23
-9.45e-011	17
-9.4e-011	10
-9.35e-011	18
-9.3e-011	8
-9.25e-011	6
-9.2e-011	17
-9.15e-011	13
-9.1e-011	14
-9.05e-011	9
-9e-011	9
-8.95e-011	4
-8.9e-011	7
-8.85e-011	6
-8.8e-011	6
-8.75e-011	11
-8.7e-011	8
-8.65e-011	5
-8.6e-011	3
-8.55e-011	7
-8.5e-011	3
-8.45e-011	5
-8.4e-011	2
-8.35e-011	2
-8.3e-011	3
-8.25e-011	4
-8.2e-011	3
-8.15e-011	0
-8.1e-011	1
-8.05e-011	0
-8e-011	2
-7.95e-011	2
-7.9e-011	1
-7.85e-011	2
-7.8e-011	4
-7.75e-011	2
-7.7e-011	0
-7.65e-011	1
-7.6e-011	2
-7.55e-011	0
-7.5e-011	0
-7.45e-011	0
-7.4e-011	0
-7.35e-011	0
-7.3e-011	0
-7.25e-011	0
-7.2e-011	0
-7.15e-011	0
-7.1e-011	0
-7.05e-011	0
-7e-011	0
-6.95e-011	0
-6.9e-011	0
-6.85e-011	0
-6.8e-011	0
-6.75e-011	0
-6.7e-011	0
-6.65e-011	0
-6.6e-011	0
-6.55e-011	0
-6.5e-011	0
-6.45e-011	0
-6.4e-011	0
-6.35e-011	0
-6.3e-011	0
-6.25e-011	0
-6.2e-011	0
-6.15e-011	0
-6.1e-011	0
-6.05e-011	0
-6e-011	0
-5.95e-011	0
-5.9e-011	0
-5.85e-011	0
-5.8e-011	0
-5.75e-011	0
-5.7e-011	0
-5.65e-011	0
-5.6e-011	0
-5.55e-011	0
-5.5e-011	0
-5.45e-011	0
-5.4e-011	0
-5.35e-011	0
-5.3e-011	0
-5.25e-011	0
-5.2e-011	0
-5.15e-011	0
-5.1e-011	0
-5.05e-011	0
-5e-011	0
-4.95e-011	0
-4.9e-011	0
-4.85e-011	0
-4.8e-011	0
-4.75e-011	0
-4.7e-011	0
-4.65e-011	0
-4.6e-011	0
-4.55e-011	0
-4.5e-011	1
-4.45e-011	0
-4.4e-011	0
-4.35e-011	0
-4.3e-011	0
-4.25e-011	0
-4.2e-011	0
-4.15e-011	0
-4.1e-011	0
-4.05e-011	1
-4e-011	0
-3.95e-011	0
-3.9e-011	0
-3.85e-011	0
-3.8e-011	0
-3.75e-011	1
-3.7e-011	0
-3.65e-011	0
-3.6e-011	0
-3.55e-011	0
-3.5e-011	0
-3.45e-011	1
-3.4e-011	0
-3.35e-011	0
-3.3e-011	0
-3.25e-011	0
-3.2e-011	0
-3.15e-011	0
-3.1e-011	0
-3.05e-011	0
-3e-011	3
-2.95e-011	0
-2.9e-011	0
-2.85e-011	0
-2.8e-011	1
-2.75e-011	1
-2.7e-011	0
-2.65e-011	2
-2.6e-011	1
-2.55e-011	0
-2.5e-011	1
-2.45e-011	6
-2.4e-011	5
-2.35e-011	7
-2.3e-011	5
-2.25e-011	10
-2.2e-011	8
-2.15e-011	13
-2.1e-011	16
-2.05e-011	18
-2e-011	17
-1.95e-011	15
-1.9e-011	23
-1.85e-011	25
-1.8e-011	34
-1.75e-011	44
-1.7e-011	39
-1.65e-011	43
-1.6e-011	55
-1.55e-011	46
-1.5e-011	66
-1.45e-011	74
-1.4e-011	72
-1.35e-011	81
-1.3e-011	84
-1.25e-011	97
-1.2e-011	94
-1.15e-011	128
-1.1e-011	136
-1.05e-011	128
-1e-011	155
-9.5e-012	167
-9e-012	171
-8.5e-012	185
-8e-012	165
-7.5e-012	200
-7e-012	212
-6.5e-012	196
-6e-012	206
-5.5e-012	199
-5e-012	231
-4.5e-012	219
-4e-012	223
-3.5e-012	225
-3e-012	219
-2.5e-012	226
-2e-012	216
-1.5e-012	211
-1e-012	194
-5e-013	209
2.351e-023	182
5e-013	175
1e-012	161
1.5e-012	177
2e-012	146
2.5e-012	126
3e-012	137
3.5e-012	126
4e-012	122
4.5e-012	96
5e-012	89
5.5e-012	82
6e-012	67
6.5e-012	81
7e-012	75
7.5e-012	43
8e-012	53
8.5e-012	57
9e-012	50
9.5e-012	28
1e-011	28
1.05e-011	25
1.1e-011	17
1.15e-011	19
1.2e-011	21
1.25e-011	20
1.3e-011	12
1.35e-011	8
1.4e-011	6
1.45e-011	4
1.5e-011	3
1.55e-011	6
1.6e-011	6
1.65e-011	4
1.7e-011	3
1.75e-011	1
1.8e-011	1
1.85e-011	4
1.9e-011	0
1.95e-011	1
2e-011	0
2.05e-011	1
2.1e-011	0
2.15e-011	0
2.2e-011	0
2.25e-011	1
2.3e-011	0
2.35e-011	0
2.4e-011	2
2.45e-011	0
2.5e-011	0
2.55e-011	0
2.6e-011	0
2.65e-011	0
2.7e-011	0
2.75e-011	0
2.8e-011	0
2.85e-011	0
2.9e-011	0
2.95e-011	0
3e-011	0
3.05e-011	0
3.1e-011	0
3.15e-011	0
3.2e-011	0
3.25e-011	0
3.3e-011	0
3.35e-011	0
3.4e-011	0
3.45e-011	0
3.5e-011	0
3.55e-011	0
3.6e-011	0
3.65e-011	0
3.7e-011	0
3.75e-011	0
3.8e-011	0
3.85e-011	0
3.9e-011	0
3.95e-011	0
4e-011	0
4.05e-011	0
4.1e-011	0
4.15e-011	0
4.2e-011	0
4.25e-011	0
4.3e-011	0
4.35e-011	0
4.4e-011	0
4.45e-011	0
4.5e-011	0
4.55e-011	0
4.6e-011	0
4.65e-011	0
4.7e-011	0
4.75e-011	0
4.8e-011	0
4.85e-011	0
4.9e-011	0
4.95e-011	0
5e-011	0
5.05e-011	0
5.1e-011	0
5.15e-011	0
5.2e-011	0
5.25e-011	0
5.3e-011	0
5.35e-011	0
5.4e-011	0
5.45e-011	0
5.5e-011	0
5.55e-011	0
5.6e-011	0
5.65e-011	0
5.7e-011	0
5.75e-011	0
5.8e-011	0
5.85e-011	0
5.9e-011	0
5.95e-011	0
6e-011	0
6.05e-011	0
6.1e-011	0
6.15e-011	0
6.2e-011	0
6.25e-011	0
6.3e-011	0
6.35e-011	0
6.4e-011	0
6.45e-011	0
6.5e-011	0
6.55e-011	0
6.6e-011	0
6.65e-011	0
6.7e-011	0
6.75e-011	0
6.8e-011	0
6.85e-011	0
6.9e-011	0
6.95e-011	0
7e-011	0
7.05e-011	0
7.1e-011	0
7.15e-011	0
7.2e-011	0
7.25e-011	0
7.3e-011	0
7.35e-011	0
7.4e-011	0
7.45e-011	0
7.5e-011	0
7.55e-011	0
7.6e-011	0
7.65e-011	0
7.7e-011	0
7.75e-011	0
7.8e-011	0
7.85e-011	0
7.9e-011	0
7.95e-011	0
8e-011	0
8.05e-011	0
8.1e-011	0
8.15e-011	0
8.2e-011	0
8.25e-011	0
8.3e-011	0
8.35e-011	0
8.4e-011	0
8.45e-011	0
8.5e-011	0
8.55e-011	0
8.6e-011	0
8.65e-011	0
8.7e-011	0
8.75e-011	0
8.8e-011	0
8.85e-011	0
8.9e-011	0
8.95e-011	0
9e-011	0
9.05e-011	0
9.1e-011	0
9.15e-011	0
9.2e-011	0
9.25e-011	0
9.3e-011	0
9.35e-011	0
9.4e-011	0
9.45e-011	0
9.5e-011	0
9.55e-011	0
9.6e-011	0
9.65e-011	0
9.7e-011	0
9.75e-011	0
9.8e-011	0
9.85e-011	0
9.9e-011	0
9.95e-011	0
1e-010	0
1.005e-010	0
1.01e-010	0
1.015e-010	0
1.02e-010	0
1.025e-010	0
1.03e-010	0
1.035e-010	0
1.04e-010	0
1.045e-010	0
1.05e-010	0
1.055e-010	0
1.06e-010	0
1.065e-010	0
1.07e-010	0
1.075e-010	0
1.08e-010	0
1.085e-010	0
1.09e-010	0
1.095e-010	0
1.1e-010	0
1.105e-010	0
1.11e-010	0
1.115e-010	0
1.12e-010	0
1.125e-010	0
1.13e-010	0
1.135e-010	0
1.14e-010	0
1.145e-010	0
1.15e-010	0
1.155e-010	0
1.16e-010	0
1.165e-010	0
1.17e-010	0
1.175e-010	0
1.18e-010	0
1.185e-010	0
1.19e-010	0
1.195e-010	0
1.2e-010	0
1.205e-010	0
1.21e-010	0
1.215e-010	0
1.22e-010	0
1.225e-010	0
1.23e-010	0
1.235e-010	0
1.24e-010	0
1.245e-010	0
1.25e-010	0
1.255e-010	0
1.26e-010	0
1.265e-010	0
1.27e-010	0
1.275e-010	0
1.28e-010	0
1.285e-010	0
1.29e-010	0
1.295e-010	0
1.3e-010	0
1.305e-010	0
1.31e-010	0
1.315e-010	0
1.32e-010	0
1.325e-010	0
1.33e-010	0
1.335e-010	0
1.34e-010	0
1.345e-010	0
1.35e-010	0
1.355e-010	0
1.36e-010	0
1.365e-010	0
1.37e-010	0
1.375e-010	0
1.38e-010	0
1.385e-010	0
1.39e-010	0
1.395e-010	0
1.4e-010	0
1.405e-010	0
1.41e-010	0
1.415e-010	0
1.42e-010	0
1.425e-010	0
1.43e-010	0
1.435e-010	0
1.44e-010	0
1.445e-010	0
1.45e-010	0
1.455e-010	0
1.46e-010	0
1.465e-010	0
1.47e-010	0
1.475e-010	0
1.48e-010	0
1.485e-010	0
1.49e-010	0
1.495e-010	0
1.5e-010	0
1.505e-010	0
1.51e-010	0
1.515e-010	0
1.52e-010	0
1.525e-010	0
1.53e-010	0
1.535e-010	0
1.54e-010	0
1.545e-010	0
1.55e-010	0
1.555e-010	0
1.56e-010	0
1.565e-010	0
1.57e-010	0
1.575e-010	0
1.58e-010	0
1.585e-010	0
1.59e-010	0
1.595e-010	0
1.6e-010	0
1.605e-010	0
1.61e-010	0
1.615e-010	0
1.62e-010	0
1.625e-010	0
1.63e-010	0
1.635e-010	0
1.64e-010	0
1.645e-010	0
1.65e-010	0
1.655e-010	0
1.66e-010	0
1.665e-010	0
1.67e-010	0
1.675e-010	0
1.68e-010	0
1.685e-010	0
1.69e-010	0
1.695e-010	0
1.7e-010	0
1.705e-010	0
1.71e-010	0
1.715e-010	0
1.72e-010	0
1.725e-010	0
1.73e-010	0
1.735e-010	0
1.74e-010	0
1.745e-010	0
1.75e-010	0
1.755e-010	0
1.76e-010	0
1.765e-010	0
1.77e-010	0
1.775e-010	0
1.78e-010	0
1.785e-010	0
1.79e-010	0
1.795e-010	0
1.8e-010	0
1.805e-010	0
1.81e-010	0
1.815e-010	0
1.82e-010	0
1.825e-010	0
1.83e-010	0
1.835e-010	0
1.84e-010	0
1.845e-010	0
1.85e-010	0
1.855e-010	0
1.86e-010	0
1.865e-010	0
1.87e-010	0
1.875e-010	0
1.88e-010	0
1.885e-010	0
1.89e-010	0
1.895e-010	0
1.9e-010	0
1.905e-010	0
1.91e-010	0
1.915e-010	0
1.92e-010	0
1.925e-010	0
1.93e-010	0
1.935e-010	0
1.94e-010	0
1.945e-010	0
1.95e-010	0
1.955e-010	0
1.96e-010	0
1.965e-010	0
1.97e-010	0
1.975e-010	0
1.98e-010	0
1.985e-010	0
1.99e-010	0
1.995e-010	0
2e-010	0
2.005e-010	0
2.01e-010	0
2.015e-010	0
2.02e-010	0
2.025e-010	0
2.03e-010	0
2.035e-010	0
2.04e-010	0
2.045e-010	0
2.05e-010	0
2.055e-010	0
2.06e-010	0
2.065e-010	0
2.07e-010	0
2.075e-010	0
2.08e-010	0
2.085e-010	0
2.09e-010	0
2.095e-010	0
2.1e-010	0
2.105e-010	0
2.11e-010	0
2.115e-010	0
2.12e-010	0
2.125e-010	0
2.13e-010	0
2.135e-010	0
2.14e-010	0
2.145e-010	0
2.15e-010	0
2.155e-010	0
2.16e-010	0
2.165e-010	0
2.17e-010	0
2.175e-010	0
2.18e-010	0
2.185e-010	0
2.19e-010	0
2.195e-010	0
2.2e-010	0
2.205e-010	0
2.21e-010	0
2.215e-010	0
2.22e-010	0
2.225e-010	0
2.23e-010	0
2.235e-010	0
2.24e-010	0
2.245e-010	0
2.25e-010	0
2.255e-010	0
2.26e-010	0
2.265e-010	0
2.27e-010	0
2.275e-010	0
2.28e-010	0
2.285e-010	0
2.29e-010	0
2.295e-010	0
2.3e-010	0
2.305e-010	0
2.31e-010	0
2.315e-010	0
2.32e-010	0
2.325e-010	0
2.33e-010	0
2.335e-010	0
2.34e-010	0
2.345e-010	0
2.35e-010	0
2.355e-010	0
2.36e-010	0
2.365e-010	0
2.37e-010	0
2.375e-010	0
2.38e-010	0
2.385e-010	0
2.39e-010	0
2.395e-010	0
2.4e-010	0
2.405e-010	0
2.41e-010	0
2.415e-010	0
2.42e-010	0
2.425e-010	0
2.43e-010	0
2.435e-010	0
2.44e-010	0
2.445e-010	0
2.45e-010	0
2.455e-010	0
2.46e-010	0
2.465e-010	0
2.47e-010	0
2.475e-010	0
2.48e-010	0
2.485e-010	0
2.49e-010	0
2.495e-010	0
2.5e-010	0
2.505e-010	0
2.51e-010	0
2.515e-010	0
2.52e-010	0
2.525e-010	0
2.53e-010	0
2.535e-010	0
2.54e-010	0
2.545e-010	0
2.55e-010	0
2.555e-010	0
2.56e-010	0
2.565e-010	0
2.57e-010	0
2.575e-010	0
2.58e-010	0
2.585e-010	0
2.59e-010	0
2.595e-010	0
2.6e-010	0
2.605e-010	0
2.61e-010	0
2.615e-010	0
2.62e-010	0
2.625e-010	0
2.63e-010	0
2.635e-010	0
2.64e-010	0
2.645e-010	0
2.65e-010	0
2.655e-010	0
2.66e-010	0
2.665e-010	0
2.67e-010	0
2.675e-010	0
2.68e-010	0
2.685e-010	0
2.69e-010	0
2.695e-010	0
2.7e-010	0
2.705e-010	0
2.71e-010	0
2.715e-010	0
2.72e-010	0
2.725e-010	0
2.73e-010	0
2.735e-010	0
2.74e-010	0
2.745e-010	0
2.75e-010	0
2.755e-010	0
2.76e-010	0
2.765e-010	0
2.77e-010	0
2.775e-010	0
2.78e-010	0
2.785e-010	0
2.79e-010	0
2.795e-010	0
2.8e-010	0
2.805e-010	0
2.81e-010	0
2.815e-010	0
2.82e-010	0
2.825e-010	0
2.83e-010	0
2.835e-010	0
